3.2412105153450965 4.843829879715587 1.635064966006107 2.9595833196549854 2.0791194521258296 
1.7372841951284599 3.644458051483195 3.15267852561 1.9522176260155488 2.253534665768004 
4.432476916961909 2.2883164376685663 3.5224900316837204 1.9599905293442346 2.6530791273112455 
1.751581033456632 2.769621799871217 3.06236393211425 2.2897627293344702 1.2780139360033438 
2.142910213831923 4.753128164514201 3.5965960338916263 3.89874521836593 2.627647594283236 
2.495513196908508 4.195568912485201 4.909539232224081 1.1469599522776677 4.128824563231896 
3.24929051932258 4.8011132290756535 2.005208090261163 2.309076009006331 1.5812935953035072 
1.314685745964101 1.7911132163224557 2.4273367851620824 4.910823137798677 2.528771954574844 
2.96142310830877 3.8587629219412842 1.8516793569477077 2.320165928966733 1.0122738805739153 
2.607130376444209 1.718189983511163 2.7303557818340813 1.1792686347376287 1.7877601517193997 
2.6143642789781083 2.4161440615717757 2.9066013015972025 1.5898628848586163 1.3315747491988021 
2.3784561106982154 1.8496234942994727 2.083338628596077 3.8714425578637583 1.864666082179236 
3.3223416505114622 2.4658399333301353 4.936271916793826 2.134924157523761 2.929359052745494 
4.438598404868687 3.454208712524983 1.1360032638130555 3.4532496983761445 2.5176683866005627 
2.105484566197999 2.3796754366912567 3.1146528372418425 2.0082326623910545 1.1398886949078402 
3.369612870324402 2.7965944150652895 1.0586699192578184 3.298887766627289 2.3123421359609058 
2.171995776486248 1.9203769623801432 1.4489722383395702 1.6448966530915836 0.318901871910595 
2.4502560675173495 4.441072335279138 2.187390450396514 1.4595836656931067 2.1196820817861552 
4.969467056279859 3.6352954274591194 1.1590108691353334 4.52598014511022 3.621670338463875 
1.9720620150315367 2.6968235449130944 1.6400732678647465 2.619040436808226 1.2180541831402523 
1.5226389393296866 1.5416832950737969 4.884200186162254 2.3668510525636606 2.5174211701491864 
2.7559478950838057 3.034737216363803 3.961416270563141 2.371910497475489 1.6137695276397854 
3.444910103301409 4.895411572517574 3.377746535888598 2.081623291959531 1.9452223460703562 
2.5702463369350412 2.519529485879881 1.2904855339472818 4.919675214392877 3.629544039632768 
3.8183257910872634 2.033254769708755 2.2554852086866894 1.1721528477677805 2.0880822674357082 
1.096839028906031 1.6534510392848798 1.0924916489798577 3.7396242491149096 2.705019026327864 
1.1330151171605531 3.219612549824111 3.7980978408600365 4.949933955791591 2.383404137291611 
2.135307966302273 2.663378886815038 1.9835480056493862 1.3148958853246828 0.8520296679728475 
4.6813363609793 4.273908700655222 3.6395810598648586 3.945433787434809 0.5094538147458806 
1.1493230728183046 3.6000577121837978 2.5343980553923307 3.480316837385666 2.626949298085836 
2.630025461032328 1.9037869961206466 2.4691261697828084 4.2652334593322 1.9373754678661899 
1.9564990114999414 3.056757844278021 4.867154628942902 2.856080906899895 2.2923758449691656 
2.9653443891225324 2.0155201456984 2.325030309430071 2.59194199304461 0.9866143827484847 
1.0073648790126764 1.0425638758504028 3.4273016005970427 4.484333338739703 1.0576176363976144 
4.415237523094733 3.121368783869807 1.321734111775482 3.825928142851641 2.8187025489790445 
2.104840877439906 2.259471073158761 4.61535138610402 4.961949471210899 0.3795269819496458 
1.3855582149051577 4.644756716530662 4.982259659115094 3.1804282432123885 3.724106782079681 
3.767130007570069 2.5678961301785708 2.470308260357383 4.707014122745849 2.53791548470913 
2.6289854288166064 2.28933980422694 3.1856396733160817 2.155515570695712 1.0846726774019555 
1.595487624800167 1.982335898787389 3.0850771347257573 1.3221428593234732 1.8048791778052815 
1.9076636391277733 1.0490963659564891 4.998549119694836 2.426982073623089 2.711105832497681 
2.8914611374341357 1.8485808355449485 2.2272216744678937 4.372006597972683 2.3848902893344857 
3.2433878294653575 4.3047792108784595 1.7481109479929238 4.868018686977006 3.2955084530783383 
1.7938260502435277 2.0677402515399237 4.627870739632536 1.5902594358195472 3.049936298142027 
2.3925440285745885 3.045915381712059 3.8456535923777646 3.9500466172102415 0.6616585439139762 
2.0268216977407922 1.7286617159051358 3.1264058192066115 3.900452675091803 0.8294865338714 
2.7865165713032845 1.4780316607335355 2.757896860865244 1.5642039710421405 1.7711678284123602 
3.7465398405081283 3.194116810779579 4.426795931234857 4.805639632696545 0.6698460673256673 
1.3457201392913296 2.4784811427606126 2.4216258775656163 2.880587915453802 1.2222085105264213 
2.2084833257633063 4.9088344455230395 4.324850995233337 2.3015246169238326 3.3742770785978293 
1.378294497873953 2.163693223414675 4.013220942205716 4.437020848821868 0.8924446867615102 
4.467445043152814 2.233713902471364 1.8432620322784525 3.6794617485047003 2.891571234937747 
4.621737042499726 1.4399828018867713 1.3580916113732324 3.574965904384924 3.8778978427331743 
3.078218280215814 1.4639488943944823 1.0980340053259505 4.577289429246129 3.835503090192727 
3.7450369707986724 4.193102051997924 1.106108562960325 3.5046591387603674 2.4400424548890145 
1.5924795278677544 1.1517150321641956 3.365728816444019 3.12852113102717 0.5005405345160682 
4.901141367278049 2.7150776392271943 4.533417232024202 3.1288155641203517 2.598418840098316 
1.8626494844327093 1.0369947896051372 4.254527167449339 4.818888564591516 1.0001047253538407 
2.712337173988115 1.9119568065494046 1.7768356567281263 1.4127734462078796 0.8792895005117559 
1.7747999989875884 2.952867031151266 3.9003940279119074 1.5281074136018264 2.6486950962135527 
3.4117142180706814 2.225985194016862 2.0368176085812224 1.6234722282786889 1.2557100469061597 
1.0944237876325587 2.382529449237677 1.4342576318122573 4.211362199685065 3.0612948202287176 
2.774717570951388 4.564086896719132 4.942482685112109 1.5147688095555054 3.8666607035893112 
3.5416616132510885 4.7352317407264914 3.3796088668522506 4.942737687176114 1.9667184237019604 
3.3507845282573676 3.2152412763801523 4.222283247601309 3.5291266215357444 0.7062847027849658 
4.169380123963835 1.0832337119990516 4.140030822945738 4.290513272132476 3.0898130434698383 
1.224833640615274 1.755315435039004 4.658554278986667 1.1609951651299064 3.5375599908888486 
2.1038264433351697 4.003548262741741 4.0741583941267105 4.865166802904648 2.0578234360330376 
2.273885278582977 3.297110462219198 3.7966238865770756 4.7815447708621335 1.4202319967977903 
1.7516929742980247 2.8754161826751807 2.19992291998658 4.005557284107137 2.126750880084101 
4.314686377356257 3.9408268349587945 4.081971497852463 1.8102182322466653 2.302310547522259 
3.217487775397571 4.760582041231562 1.5496981418458522 3.2474264235655985 2.2942147309702343 
4.335610273271405 1.547608289489916 4.316103100733924 1.6998824309873268 3.8232925148854164 
1.7143142273112657 4.245538996182666 2.3304789874689456 3.204448664924904 2.6778576936910867 
2.1385577398741633 1.3668695825307213 3.7597495656341304 3.104082605656904 1.012621239452291 
1.5787830654764603 2.576693421411772 1.8820982676723625 3.6174670193865275 2.0018316070311504 
3.790524504461796 1.0080741397981416 4.26856963258872 1.4221689001125508 3.9804556474928567 
1.110090584342382 4.433849503045332 3.396216015691073 1.5233880640093456 3.815082946183186 
3.9285754492370066 1.6033078331226358 4.108176154416549 3.3290180860525136 2.452337004175198 
4.460601539773649 4.195181015704957 4.934157343359792 2.766840936069711 2.1835082926120717 
3.0249480323648 4.418860629920964 1.124746666852424 2.48473958506141 1.9474529691893372 
4.959494859514006 4.327615536773834 3.1309946231110497 2.390945892683015 0.9731102722275233 
4.549135196222719 2.689099897724671 2.5634734127719714 3.574991989204293 2.1172862683459672 
2.427608042736222 3.5581846341248284 3.0807872312691766 4.70845705228341 1.9817952657215592 
2.666189137195127 2.7426470534408653 4.021754806714354 3.5089524520141246 0.5184708940169542 
1.8013747808548093 2.0840852854791296 2.343497757216833 1.0365202946913437 1.3372042914134343 
2.388988809030183 4.891270796815013 2.446424828261896 3.0273509252178212 2.568830527013575 
4.802496065589494 3.6153936310974077 4.902144855170717 4.113225296117715 1.4253442603923523 
3.3556356700304915 4.775386337998542 1.854288182031048 3.9802950392490404 2.556481393660758 
3.0054175097769007 1.5973612853791894 3.3841805352911005 2.7821254054303144 1.5313695538493723 
2.570962246646328 1.4299217546122769 4.940433418964747 2.3542592768193034 2.82670658151196 
1.4001664918154089 2.691931124213185 2.461960143985969 4.042189496460889 2.041024417280956 
1.6701494724815644 3.119651049225278 2.445969956695343 3.764882992315372 1.9597414157257973 
1.2761650827277697 4.8040895074124546 1.0938926696575404 1.1509300209762854 3.528385467282766 
1.8869123682302225 3.3888865017936842 3.5287045198900793 1.9067979128732504 2.2105445799120527 
4.240604601870514 2.0554542154799376 4.648294026757441 3.5202035340410247 2.459160501248353 
1.8436972083069443 3.2878754258123717 1.355346859836895 3.6527598700598185 2.7136243777388773 
4.518859261931576 3.0852113516365742 3.37480308873793 2.8380443018606494 1.5308351727025333 
2.99585425604434 2.323295127395074 4.839125078135723 2.877402944596752 2.0738103844725417 
3.990190602166939 3.882176614209063 2.2717218799348995 4.610803991184243 2.341574714751005