2.743142283461401 3.824891688831995 0.014921077544296137 
4.180582621985859 2.831018219042389 0.04150893763585614 
3.799119633927765 3.0817983787041117 0.03183205385791795 
2.86089853697888 2.4165559493105238 0.038985120634142376 
2.9724273110502266 3.661018349143592 0.017648084227204305 
3.9542333276133617 2.5105279129956806 0.049925488088154606 
1.0264304957109718 2.1040363830606816 0.01845071463078366 
2.39141181558755 3.1830265479260658 0.018782957894883857 
2.460555241479979 3.2701351346664844 0.018310148063286857 
1.8847407572245434 3.9950790870361312 0.00939703828041239 
1.621887239090484 2.9614591734917672 0.014716322381067938 
4.236548881834111 4.89814842304175 0.014052010830526993 
2.10653422993182 1.503083865469427 0.0741980053791465 
2.0828991305591114 4.9321960121434465 0.006813617022471493 
3.4546888139358747 2.9502844020822705 0.03158430343586152 
2.4537965910032087 3.542295140039768 0.015561777737468882 
4.974073432905685 1.42101599906644 0.19602180920489592 
3.4499489439749893 2.8532973035512397 0.033721644991878796 
2.253750219765419 3.184319343506179 0.017687346669417126 
4.535411147292651 1.9995033858115514 0.09027396364593897 
1.6922977266104744 1.538458327146624 0.056897794625355186 
4.243326029084743 3.468795087963862 0.02806333278228509 
3.227540384121038 3.2113441578861184 0.024905090184119634 
1.2745299134055763 3.778773025549809 0.007102946700765213 
3.610906895002663 1.837848708104893 0.08507205266477769 
2.2505366280267443 2.767299748996732 0.023386423726030243 
3.4321394108784955 2.1491947548358823 0.05912940546063644 
4.279605467928709 2.008648329854112 0.0844084749505166 
2.4409660114110525 2.6421972957570796 0.027824116352189582 
2.9171636165524286 2.218544890055444 0.04716441835619831 
3.3636463225786053 4.700745117472728 0.012113427754165542 
3.7997004587188976 1.1613987792668667 0.22416962578529417 
4.332443831369562 3.6516544807068514 0.025854951124959336 
2.3516946724607197 3.3763762170541636 0.016416077977036578 
2.701597527845329 3.6702387336266966 0.01595960571368856 
1.6839783857504216 4.431986562991977 0.006822283756349474 
1.9614698270987017 2.296122849581394 0.029606122173062556 
4.836671399385816 3.1259961248705364 0.03938762985914144 
3.0948114278474526 2.731654399826403 0.033004474476553615 
2.8667583248787745 4.338028981342425 0.012122615206860764 
2.981161825616215 3.3241218694644217 0.021469494159653744 
2.133361957254999 4.769436438720551 0.007463122178752264 
1.0428241384879264 1.7982528071546788 0.025662544617282033 
2.7497557830277284 2.6604165921025213 0.030916118597860157 
2.2700833454096445 1.752814384805931 0.05879766521122665 
3.6847698096504415 4.526798442616043 0.014309293205575606 
1.6483465561115453 4.335984538032063 0.006976911455316069 
1.8697247542492383 1.1305598384494644 0.11640743143654855 
2.3437828031209644 2.3978329129161455 0.03243916488879137 
2.910508279918152 3.50833554004214 0.01881727488522781 
4.793996561740297 3.487461806323108 0.03136670750326406 
3.979516770459845 2.5013203993441855 0.0506153011632177 
4.883227278494127 1.0443045046679202 0.35632210985083884 
2.0620693807817854 4.454290025295054 0.008270588766508082 
3.962703459182412 3.094564873094417 0.0329293021457114 
3.953066792892472 3.3607975419026914 0.027850922619798102 
1.6830922811031073 4.409601345053005 0.006888099429390127 
2.9432755165298534 3.9026044817786376 0.015378429139482156 
1.348768875205895 1.5152111094292895 0.046749974639972686 
1.1437745887178297 1.2867484792892734 0.05497221700653177 
1.6426607622651455 2.3607338139632814 0.02345546126437737 
2.4646224597279036 4.5854487469392895 0.009327748989797801 
1.4824261912713692 3.233997250117669 0.011279346097368003 
1.1392287941550037 2.148516889010867 0.019639188808752508 
4.679968279436489 2.556392852220012 0.05698727051000355 
4.240788423150919 4.059540252246118 0.02047778776704131 
4.025402900799023 3.744452631145314 0.022846664768447104 
3.3420984301807946 4.086988321156466 0.015922181822724434 
4.495895709122097 4.314315346411686 0.01922129272440392 
1.458261574739764 2.238450594223846 0.02315957266245296 
4.966180237677995 3.3500181089886834 0.03521423871622567 
4.5820695890197225 3.4325954896330932 0.030946145392658334 
2.744308709065163 1.203560354207207 0.15076042494418407 
1.9042006500994022 3.9194130281201445 0.00986417529165243 
1.1573636530720104 1.3176507937847877 0.05304681571263331 
4.5606511124858855 3.076973215387349 0.03833271273838786 
3.7330014355723575 3.742231773233232 0.02121225939685776 
4.102162656157136 3.151513924093181 0.032867339599434005 
3.4780804631243414 1.4236888683148448 0.13655247691803163 
4.393067417160367 1.3046734166180882 0.20537821600198836 
1.1792695615729336 2.7424402469812312 0.012477537314855633 
4.152165642858946 3.5652897663957384 0.02599412130694235 
3.2109379292987343 3.8979158240461196 0.016817333389356724 
4.766556100967258 4.055508715394529 0.023062382285287317 
4.1559902261899815 2.565815704622235 0.05023584774627432 
4.34776567906572 1.3125772113868002 0.20081980736467667 
3.920410025793014 4.36243435430507 0.016393203027485675 
2.5456006439463814 1.9302178466466762 0.054371054326427255 
3.826493449020698 4.602856051236504 0.01437263259694238 
1.5694393447881283 1.7365217916876565 0.04141657643674818 
4.773672984817709 1.975754660288159 0.0973143241497135 
1.0346427160061373 2.841859849196758 0.01019471826053927 
1.847382827576245 3.580425880019876 0.011467735381204568 
2.34496406019158 4.89702185639246 0.007781480656182101 
3.888476930396451 2.8820553498020822 0.037253323893942474 
3.51090129951227 3.2859523545628107 0.025875349973627174 
1.6173638789652678 1.687170179380094 0.04521474587711488 
2.382882258742955 2.5375142027555446 0.02944935290167837 
3.3123171059885923 1.5040237516375985 0.11652326738229268 
2.4555368736162437 1.3226234192834756 0.11170283083281432