0.635177604714694 0.8425425543109505 1.6513587880727503 
0.32458626435950955 0.2972524380299063 1.09969023112693 
0.7240765229232629 0.9953152939785029 1.9485537444606058 
0.9882865843995291 0.3669709013615269 1.4125453598363718 
0.9250596513947723 0.4132746768839176 1.4381376090438724 
0.1222603342485088 0.41496870708353073 1.0516069589774735 
0.7290573427587248 0.4171214772826114 1.338409540628605 
0.307901496844619 0.24664395057396704 1.0779143669335687 
0.7229801711955336 0.3051965773671912 1.2381684483759898 
0.05280415332517441 0.02421184058031467 1.0012790308165085 
0.6046671194363442 0.677460636628338 1.474418091561546 
0.8052018820757527 0.33696663626885837 1.2983055358719298 
0.6866559652450372 0.2926168260478855 1.2153503272712787 
0.9259797703969357 0.8334647150317004 2.0390830027019398 
0.7642093952201374 0.8462870393317796 1.8244826058914603 
0.7743619889153864 0.23922022189939507 1.1974341478500687 
0.09790749693155165 0.9561187941791127 1.0966262991103117 
0.8967048395303444 0.7250967781144281 1.8301095989868683 
0.9681616008680023 0.02568808766615005 1.0250781195287053 
0.904667447168118 0.16975401104769672 1.1618564073723892 
0.05164748229767735 0.34041830038103726 1.0176853948621587 
0.6790524695339996 0.6008631453808685 1.4722458028474223 
0.35624976722995794 0.3433860747422387 1.1275315730440187 
0.9159742655578251 0.42984987376485073 1.4532127952688887 
0.351371466402865 0.565379296555038 1.2127460659775906 
0.36591221599177925 0.23925966152182487 1.0901797186033086 
0.6537969962246198 0.25984528927552064 1.1800839900337112 
0.2313465135091778 0.6975421065962645 1.1705479312774911 
0.8345012950249924 0.5179752088289817 1.5050154586245443 
0.34179404012955494 0.1908688054583212 1.0666880137003338 
0.7549103540429488 0.993882441506677 2.0005194377471365 
0.4519647274365294 0.24260378284776796 1.1138079714502331 
0.07485884820333044 0.7268797129112906 1.0554185482302745 
0.8862061557951776 0.9451732996964222 2.162077583978243 
0.015528798905924734 0.5616671834253828 1.0087474485410157 
0.8066925829290671 0.7306260811708544 1.733495833662149 
0.7684980083008742 0.9744442882563482 1.9979716863250778 
0.09071137271009166 0.8140919738852104 1.0757110895123072 
0.6638690880958623 0.6956504815764165 1.545849000835872 
0.7962128764758223 0.1433087077247227 1.118615758670022 
0.28961412619964566 0.9606061713411428 1.3066415312916546 
0.3185420080311755 0.9489034233610231 1.3361327217221939 
0.25603194446531075 0.748668773045392 1.2047665523851705 
0.6914975766553996 0.8141459392458361 1.6930348512976683 
0.37418824666497197 0.20577177870555763 1.0790256367771556 
0.8646046955407748 0.7510553605765456 1.8287542709502274 
0.07384637927942961 0.7090398243225192 1.053290114342747 
0.3118863702037934 0.9280658780907136 1.3203606817243851 
0.8738520433841368 0.3613724585072845 1.3529369139343173 
0.6613596286921569 0.1868677586825509 1.1288967709487812 
0.7762484336600005 0.7141658828500831 1.6800335882405228 
0.5427123520003346 0.2719383089453389 1.155220304852068 
0.906409865777552 0.6116274469606382 1.6800561657319864 
0.6612509046078036 0.7727077584026594 1.6158427488213492 
0.30364838676686057 0.34917861098712766 1.1099120907916185 
0.5537656028670447 0.6245607854483792 1.3909292460293932 
0.557033554663742 0.5762459997983568 1.3594478865470214 
0.5472722670586381 0.503449121627573 1.3033872011331826 
0.928176090999715 0.26621301528774244 1.2692708283013963 
0.6122089974276533 0.8139354642402356 1.59755167114844 
0.20611179694214254 0.808620950848499 1.176470196473132 
0.8745739251051909 0.05535891192704201 1.0492096298636697 
0.8832322690482833 0.16671514561799228 1.154848588118081 
0.6599771903345967 0.794809809259463 1.635711918131781 
0.13145482928959062 0.4795075551912531 1.0643864193985455 
0.17108923812970767 0.8619824060596702 1.1551004394455306 
0.6903881637882457 0.10445936540669976 1.0738938564375082 
0.5848420192019456 0.0404944780914368 1.0238713194706772 
0.4001121405981224 0.6503062682323226 1.2849058317844877 
0.3615111630668514 0.63090404777006 1.2468456109521122 
0.8049077423315144 0.8010795322153803 1.8213236001889594 
0.35893656405752583 0.18716686898918344 1.0687199247001982 
0.6735969731816237 0.536539474995738 1.4109144128119555 
0.5317284781665019 0.4127816551505916 1.2368136614405405 
0.7930288008982869 0.8413137959912887 1.8580016551688807 
0.4971264344042704 0.02076029924637579 1.0103561202990703 
0.6569586816948148 0.5212970420544122 1.3866041366584767 
0.45182026774115236 0.9001786064497089 1.4705069709888798 
0.009499131184733889 0.21910469725373338 1.002082749207339 
0.4637164475583423 0.7925518815993896 1.418828539616501 
0.9157090233824292 0.7874676849831421 1.9492586345528498 
0.6120058666679987 0.4727937943481658 1.3202399987054776 
0.2015470853382253 0.35266136320220065 1.0728027581889261 
0.17245427048791495 0.9709531169375484 1.1773434360182067 
0.38576211789073334 0.33896993605150105 1.136721055744982 
0.701546652263908 0.46477796641823754 1.3658240396623949 
0.8773227004684586 0.9463813599910272 2.148004201257004 
0.6016154670105948 0.25828977063176217 1.1638795991908397 
0.7896972882665161 0.6309390677037067 1.597483015003664 
0.7136188605001246 0.09896458181678813 1.0723256090789826 
0.4676021644044632 0.8349103245309076 1.44881217857144 
0.3339212908671424 0.41475308691427937 1.1451979437370468 
0.7329484632528585 0.22933878706984523 1.1780710403742356 
0.2767970981546737 0.94969427822846 1.2881188018160097 
0.08123965126643684 0.18740961190115302 1.0153027534554238 
0.889098527455156 0.6069190794029642 1.6579579436776228 
0.2763086012118734 0.916191985522035 1.2764823907680525 
0.8115923759720713 0.6106008415850637 1.5936162824882576 
0.9877368141710949 0.37456272348432773 1.4220134054303237 
0.6141016642145034 0.008861531602677886 1.005451770600864