2.0311013241696108 0.05071037127202593 
1.6727560328461166 0.09847083107122498 
-1.4694768411750092 0.13552222545980067 
-2.7443909074190436 0.009234772875024465 
-1.976731167273552 0.05654765262316018 
-2.181875419697665 0.03691162611307123 
-1.5260740023086576 0.12450748262648342 
-2.255015733611791 0.03138307598867157 
-2.313748295313192 0.027442726460993785 
-1.082703752055658 0.222003475780751 
-2.606528792361824 0.013354061530515476 
-2.9649932500021308 0.00491958540412066 
-2.4402161253605668 0.020317638015161135 
-1.1038876118654901 0.21692090976212247 
-2.5186674545164798 0.01672615852305316 
-1.5488566945703128 0.12022178143421787 
-1.526533433114631 0.12442020473106623 
-2.5733188257887605 0.014553504972638295 
-1.6291312283117716 0.10582454282007314 
-2.2159255488471326 0.03424887531876424 
-1.7184768180265009 0.09112529783356416 
-1.6505044370448156 0.102179829719471 
-1.4802218183024847 0.13339150223798935 
-2.6837072076128257 0.010888144727870351 
-2.630552418168243 0.012539877086121863 
-1.387545292272565 0.15234927958301933 
-2.8686316640831286 0.006516210098432964 
-2.187273694978231 0.03647888636283526 
-1.916892243253257 0.06353422961094654 
-2.7491426424601713 0.009115024641072127 
-1.3473850483590055 0.16094996036799034 
-2.9976781652390767 0.00446281420451261 
-1.483183588752904 0.13280740111864414 
-1.0657397125157895 0.22608616289471808 
-1.8581825330449375 0.0709798179721983 
-2.778321006096106 0.008408835004166787 
-1.2891888470381405 0.17378394010693096 
-1.5318806396781766 0.12340697071683394 
-1.6946330717157536 0.09490971980318975 
-1.1640524507513654 0.2026150131985549 
-1.3590090314841656 0.1584380986040208 
-1.6347690531329642 0.10485535376603256 
-2.7852723038476106 0.00824779459248949 
-1.019992824195805 0.23713368766433146 
-1.2673780587547876 0.1786972751505574 
2.8625996847423414 0.006629824068894383 
1.242002436295575 0.18447827758739502 
2.4218847314761893 0.02124356273794299 
1.727465689646136 0.08972486131141143 
1.3352476507554523 0.16359168559872236 
1.7464670288139756 0.08681185619183654 
1.7008725891364636 0.09390963250488102 
1.5865988441368482 0.1133146882162891 
1.7943223153849481 0.07975986715023399 
1.0454033478984677 0.23099190482931597 
1.2676510442950415 0.1786354542404867 
2.0998011940999612 0.044001961761176975 
2.7736822622004143 0.0085178171073333 
2.5229486420735836 0.01654661948951824 
1.8642568381996183 0.0701818665486202 
1.0403352516928195 0.23221601272887205 
1.8449780174239216 0.07273660776408575 
1.1987914611235693 0.19446773494900751 
2.742717507085472 0.009277267786972385 
2.9522819216300253 0.005108125327417897 
2.347350410174468 0.02537564286708144 
2.6124141881800886 0.013150539711420882 
1.5045957273370645 0.128626466367158 
1.2506226531596298 0.18250694653058483 
1.3646141082940524 0.15723333520091506 
2.222013195238111 0.03378934195106153 
1.047566650946235 0.23046956200778626 
2.545298501817512 0.0156355085083514 
1.5540887583152276 0.11924984278664322 
1.3133409990941187 0.16840713256775558 
2.7963810802269986 0.007996014042695902 
1.8248035638341538 0.07547962275086118 
1.7442679617126298 0.08714569600159433 
1.3416260071110913 0.1622010433739511 
1.9730451009269776 0.05696079707691875 
1.3859367544126053 0.15268949306487617 
2.1868019983903877 0.03651653806695154 
1.3571153983045252 0.1588460737378734 
1.8147984457869768 0.07686649196393641 
1.6303353523487423 0.1056170762612513 
2.7864255332737002 0.008221339233144402 
2.6073748616577195 0.013324639445345433 
2.285867881305905 0.029259981413834835 
2.8063809331581577 0.007775126863496766 
2.762993208728662 0.008773633318451914 
2.3182727467257065 0.027156664385980585 
1.7213925302942614 0.09066946345669974 
2.477585327123493 0.018533913558073208 
2.4995942810588314 0.01754608697784774 
2.442410198557101 0.020209099166482985 
1.027454932233558 0.23532909220993684 
1.4919698915677582 0.13108286324769222 
2.521691894053273 0.01659915418760528 
2.1500243365967613 0.03954797222795693 
1.7103701195988426 0.09240062777896349 
2.8881828391105566 0.0061596298700608435 
1.401056576655349 0.1495060679472324 
2.792553608058633 0.008081996380723917 
2.229544244673022 0.03322767045707413 
2.208517099327088 0.034814809505823226 
2.373338932483986 0.023865834122518303 
1.3353999828448688 0.1635584123618594 
2.5985691070673607 0.013633582406988686 
2.880865184914607 0.0062910289283683645 
1.4402708974837162 0.14140478834401843 
2.0420477898315896 0.04959237825945374 
1.319259451082625 0.16710026076655476 
2.827756966589055 0.007320744384913333 
1.9116060314871954 0.06418040435367041 
2.696018455754124 0.010533482454465325 
2.320710945000531 0.02700351656454797 
2.2902461181403417 0.028968328281305075 
2.5977295048997497 0.013663355326070685 
2.0622559815836023 0.04757782916986652 
2.452195357611221 0.019730895561037635 
2.8781532392419833 0.006340348348498775 
2.2799005398913725 0.029661310205135984 
2.6541772382796665 0.011781003244635622 
1.436784100176634 0.1421158358546817 
1.0725529282247608 0.22444526160251993 
1.0079722362651975 0.24004171752005013 
1.299266649722036 0.17153199899066676 
2.703837300072701 0.010313447983877752 
2.1963017180497646 0.03576415473507676 
2.8457952181843797 0.006955561350141511 
1.4076703896365896 0.1481238551401158 
1.1001073784920592 0.2178264453942973 
1.2869459123924685 0.17428673671731806 
2.4144264763358407 0.021630170899234726 
1.7110759623376028 0.09228912122389843 
1.6881903248085772 0.09594963893460323 
1.5850671186015561 0.1135902710599376 
1.2589410076323804 0.18061189731669278 
1.1961427780245935 0.19508550957113518 
2.8207991056430415 0.007466026639383432 
2.786330546900852 0.00822351544606552 
2.550945436464972 0.015412138848918107 
1.2938491827136027 0.17274109139566865 
1.1159692601451625 0.2140314680090922 
1.5191991531184577 0.12581765954551452 
1.7519076729747234 0.08598961201750403 
1.1473236644222444 0.2065703330521829 
1.7445431900099269 0.08710386654313879 
1.6814633029678094 0.09704330538696639 
1.1073017355418997 0.21610365546994237 
1.7824079539121804 0.08147756356721518 
2.4317797856531995 0.0207395039055548 
2.8637705542263836 0.006607635353738386 
2.9796216028145786 0.00471026560330283 
2.189545720695728 0.03629795901721337 
2.0610110273377544 0.04770010114696775 
1.5780499921175632 0.11485791663425259 
1.7572714526549067 0.08518414002956728 
1.626583406102729 0.10626436060142652 
2.943365511221617 0.005244167357334878 
1.1538760127143284 0.2050188281220378 
2.006454601338704 0.053297355372328124 
2.4870332114009885 0.018104303066039763 
1.1138808841710566 0.21453039580568425 
1.2629874948744462 0.17969267663446523 
1.0672311280114877 0.22572684221370617 
1.785069123717742 0.08109171982326964 
1.417391095581285 0.14610389626198408 
2.6218426109550954 0.01283001576602693 
1.659280231552417 0.10070659633214872 
2.220469502906547 0.03390540153836488 
2.151936926313601 0.03938560831414247 
2.584488074191569 0.014140279727172838 
2.105697052885797 0.043459814499348444 
1.2719590608015598 0.1776609253015821 
2.295541089654831 0.028618755758303454 
2.2917494851919282 0.02886872688023848 
1.9478156512095754 0.05984894714152656 
2.2988897850845063 0.028399445598428396 
1.2227551743602143 0.18890639683989993 
1.173075133384694 0.2004899481339689 
2.9498889210649186 0.005144326322723491 
2.0406598172243005 0.04973308973304867 
2.5113730794528504 0.017035840230603644 
2.3385649807229543 0.025903385157991125 
2.107290096608348 0.04331421924565246 
2.0999659097348404 0.043986744833724015 
2.5531388094289262 0.015326109169374585 
1.907673221747721 0.06466422974249908 
2.3064176151902576 0.027911412013760663 
2.2959261891910616 0.02859346549917791 
1.1813502729338057 0.198546337683686 
2.520665837553853 0.01664214966207398 
1.8628180732158972 0.07037029012549015 
2.287277486328973 0.029165823509846443 
2.561034578289247 0.015019775360230053 
2.225330782622195 0.033540987544143246 
2.6805216869547572 0.010981570829666965 
1.8508113035227816 0.07195676878583718 
1.4905851617105652 0.13135383120569236 