2.7276380045259057 2.402700336201838 2.154524580365905 2.3185538152954246 2.520883859395129 1.7691756505177842 30.598795689141678 
2.182603508925742 2.965715749977398 1.6338104025066733 1.083392549880925 1.762954452515023 4.403469560743871 9.147219233774544 
1.6143430871974964 2.220953712484672 2.3083390145355778 1.9925574374650956 2.4050098818809724 4.72632838526464 0.7235198361249225 
1.3910203289630654 1.522747570902408 2.4162565859847245 2.6354576427484577 4.4465932559216 3.7901245919231883 9.848752799991274 
1.0453017547118872 1.7349855696004117 2.0894446025301368 2.6429076040686255 1.3162855364093367 2.603602074523116 4.73084550070539 
1.3699621480325828 2.379270174549566 1.2710203633976338 1.1917015664407988 2.4024426076042165 3.3738468438624825 19.205615467199088 
1.8564079860856495 2.221933427251488 1.8526887088055914 2.640070134406065 1.5992475390499736 3.854353254358941 3.1451428611763332 
2.9451000641135328 2.5038871792104427 1.3659563211784975 1.6391116069266258 4.900135824369823 4.204164818793291 35.790243756757484 
1.8128935464551372 1.4478898069045125 1.043514098080234 1.1325005871844191 4.394861218054425 1.773270884049547 7.792319176194244 
2.35654058902153 1.8780018615975305 1.0038460528772002 1.4747825020656384 1.2423658350630271 4.481008490401614 7.1414603482369765 
1.8524798341857782 1.7874382654843515 1.3873961687218965 1.8435061915801316 2.5009813790950006 2.3605480907563288 15.607954793316656 
2.124200476492381 1.6422632167688656 1.2302307355560471 2.4317338653714433 2.963559113255572 2.2625301556661923 10.41841116548531 
1.1636839619348815 1.8391771553938332 2.7629376996175647 1.4959555346140871 2.6103576869747602 2.108501472669285 21.10365149050261 
2.758071295379919 1.7170183040350167 1.0751257433291286 2.735448772598014 1.6593480609586857 2.5902212963785782 10.750630434791477 
1.7560462711286662 1.2885434941811695 1.6075082061345498 2.707511098344242 2.1441559626885587 2.1909128922097576 8.437103813063452 
2.4705679961038953 2.3345001340738527 1.508079174314849 2.827550151742228 2.1224448003574654 2.367568545560525 19.108787414575897 
1.2068698376111782 1.3306202731414334 2.0095719785258694 2.267197523572791 3.0320205110599914 1.6130871425688866 4.307895428059062 
1.3765749649552699 1.4261245396268571 1.923053391016436 2.919191426043196 3.288770740656224 4.226995668392545 6.147226286460884 
1.8400119852005488 1.6309577462918552 2.095249080850373 1.5028689292740585 4.1926242125389095 4.835584559654018 22.545161700938678 
1.4832167198911874 1.4790152558823186 1.642561995621134 2.9840964475453875 1.7928840758213136 1.298931840205988 7.179759118150301 
2.4345925738675707 1.097043185023727 1.632776265073602 2.614862076006319 1.6996443915519377 3.0360568163547206 6.9275850801548025 
2.8847608421139075 2.7936714019832225 1.2209570259749776 1.2545860321597095 2.102092161833338 1.21599831409111 44.65634659839637 
1.9850540758175452 1.0526959484401894 2.685702733107107 2.102221317820432 1.9049477729947992 4.13959890881951 0.036679317360638126 
2.295240396590561 2.0718759056445917 1.3990624838592356 2.202748975629737 1.092388743045062 4.582251713323327 1.3225518166652717 
1.4780142185782563 1.7143598866305074 2.4864146835770145 2.35985677417326 3.2170898794351945 4.008094389844345 12.01830672838534 
1.04836445354901 2.4550204163212594 2.004941746207966 1.8090603973628425 1.3461068108387333 3.3060929991027552 3.9581875596647356 
1.7691831278782206 1.3012460532419807 1.0216273517979375 1.332925457182619 4.250324227095532 3.1912935662371087 10.046454423441832 
2.505144319983651 2.2879900771150146 2.1937359921102892 2.7314750675939505 1.5351672958813527 3.4305119724047604 5.10788982914696 
2.0374213003456205 1.3940112027264997 2.428308011327008 1.308725936742749 2.1635809360462397 2.629044028731394 29.733324994204168 
2.196207563527863 1.959783607257366 1.609562839565524 1.4483260183644149 1.0881431667205712 3.6097049520820774 5.868334916323296 
1.7671456629463702 2.3470111309425334 2.6641041511996466 1.9121701955615107 4.757272428880628 3.230302224847893 7.023757459444748 
1.9788888440912782 2.0917625755827025 2.4016828321436927 2.9095288023300006 3.7672976050231686 2.0551498067771 3.9739170935311168 
1.9465949622578154 2.740829238723884 2.633932534694308 2.770189682847522 4.428083912259838 2.5250984761075106 1.7876501770475657 
2.4223581997142256 2.8451601339656616 2.955622140446695 2.040318775352704 3.9974616804929144 1.2887158670738197 2.253830332374823 
1.3616735611069342 1.4832815432286977 1.6548590650792923 1.1614309560796863 2.946283812554825 2.412189724594921 16.935009655270072 
1.6720939842077374 1.5988819160265277 2.5058969104335116 1.7315347008091424 2.2450659289477795 1.5042376071658854 18.082939185712462 
2.006615941527226 1.1284202349519574 1.0337936738206004 2.9017029508384624 2.8667029325394635 2.545081137815039 5.022168515454901 
2.133181689318648 1.3139705858587845 1.1786710414017598 1.7915558060984171 4.2948940858274405 2.525276203361004 7.949981966634778 
2.806891158602671 1.9691826977262104 1.0467842952205173 2.7519373862542134 1.9110236775923903 1.1080432031273704 12.450535722349413 
2.146089944362453 1.915761787816893 1.8744622548638554 2.245536595973501 1.3381347519128033 1.7225832920756061 20.646633675292595 
1.9745932205875079 2.9828259722895645 1.373800824493521 1.374724944123714 2.6154388629200183 4.560973898210451 19.590377383621966 
1.5671004300308264 1.7380075072405374 2.7233992785234236 1.1957821372799533 4.486290609794309 1.7001083026691282 0.9978462602553285 
1.3428602341592737 2.047187160011298 2.4606491791108946 1.115423570737938 2.9206502371786094 4.180029398619432 15.864547921539392 
1.40014904480793 1.8304881727852567 2.031910878863475 1.7641300239407236 4.140028960566198 3.963417472961034 18.34971932124009 
2.383276755670706 1.7788443957650317 2.813834261331387 1.0919625149440944 4.27960901326992 2.399432436656539 2.2245723154639143 
2.253905254736354 1.8737437515650353 1.7352346363368667 2.816305082769386 4.19283263330724 1.5058387098998955 1.5790374707104446 
1.6787264308488545 2.688440681442696 2.0496988433671604 2.696372534652612 2.0119487654857635 3.7464286183287396 6.53442794243567 
2.6593179489543477 2.156167764168219 2.7243436131549195 1.3691146370028624 2.4050301272312002 3.2503394907762257 45.10676288695174 
1.0338279806677868 1.1450805058512699 2.1962931948209725 2.8517870438428545 4.470137634328234 3.8432449066387453 4.87879407375019 
2.2889509113912725 1.9528603772549493 2.317684150582614 1.929816761666344 1.664258304400711 4.433128570012277 0.014724653238645104 
2.6356363926471964 1.6028286587599119 1.571708978931342 1.3484686679565723 4.3635861530688 1.1405317157883776 1.5769051425734992 
1.1311049830062307 1.2285752939020946 1.0869443057014618 1.9223380495949614 2.816615626080075 3.6350392255785264 4.6198806038634155 
1.8188600919367748 2.128997680143007 1.391306560686571 2.6454741536268753 1.5878692719444385 2.3247158457410833 11.71380937768987 
2.32785435376168 1.6943480798113046 2.295657958702968 2.6966778232466413 4.844858172106067 3.458742187234686 8.330771093370602 
1.0115958782049552 1.6992513927309072 2.6155850243299277 2.275355776826009 4.316900588899305 2.14356716707251 0.13363066914950508 
1.0629519791576236 1.0925063453962558 2.995381003094521 2.0184513391653036 1.2823191592758851 3.43471950103356 0.006996888216614034 
2.1607474448794575 2.1796471408396467 2.5770268736189164 2.465528732894061 4.072779010162472 1.6392229013127557 0.00011035276706250426 
1.0075459320108224 2.9854115640613776 2.5709801232044756 2.5768456698284363 1.5916347129317643 1.2474692482533571 17.65778639348853 
2.7292190801056195 2.6305709380854987 1.4538530764472657 2.640044320988169 1.367759420340613 1.0261073149433226 24.334922139683076 
1.778267664878019 2.1631750499374975 2.5849852582628627 1.668261853822743 3.3966972767787684 1.1674651836097012 0.29888212236313716 
2.3473178321182058 1.6734654679806775 1.7779267636698817 2.9039434772202304 3.5347489737746196 2.2837461797588623 9.822795136469788 
1.8819803438074472 1.398819334577982 2.1613552442706214 2.6974434080118312 1.3726400893557442 2.3439014786666488 9.04771112895875 
2.721452375235743 1.3653523406106889 2.996967935556005 1.4330845246614174 4.709549708160621 4.492876604163081 47.13254061314072 
1.0579313298604887 1.1038633491779541 2.349751091286782 1.4587230447207604 3.8428146800067875 2.371374151546534 3.8570074584309753 
1.096917299242729 2.7891107317366632 1.2365107399218613 2.5798940471693492 3.5483728046882574 3.5445948155295977 9.21329004356774 
2.21702809530696 2.2990407904867016 2.1434091937401694 2.8757065502345256 4.397742359426825 2.300480634105371 2.8713833357598224 
1.8720553716847979 2.3498987457539515 2.810636304685329 2.7034533633992517 3.4608421173576875 1.7037129372466833 1.8277642026640306 
1.108276500934586 1.654964321737437 2.1043285795993985 2.740806788865373 1.033301775070981 4.614423649189748 0.2141453298236077 
2.0562758914280543 2.381511483665471 1.2614465821533185 2.1301920972589685 4.715759048442671 2.7530587586005186 10.620377170478209 
1.9268491659653455 2.869933525806281 2.3027119036973227 2.1762258617531662 2.449095234711062 3.9005918446604135 13.031646109789088 
2.796043758497629 2.179945493174281 2.969547333030559 1.2682232278400685 1.2370520954062343 3.910949525590442 3.0897572023290776 
2.85577384907154 1.0852323451861432 2.4600094396226626 1.1984131439699512 2.6626477169583715 4.144104527519784 11.293333301747882 
1.4501439544289407 2.0367455567503496 1.1491923225000185 1.5235384241044918 4.740978759755623 4.516553749808663 13.920615124294564 
2.7184633794174333 2.5691100046818747 1.7950945225475476 1.648229820698878 1.0401026885049536 3.8563744001129403 2.4818313254291127 
2.2398423387561825 2.7910766866818753 1.2780125293848659 2.5370336898195296 2.003413442873384 2.9264797388617874 17.596018861356054 
1.7169401259275205 2.0851887851871878 1.4585034980295024 1.8226967442892028 3.4467845465109557 2.3646227936138966 14.560174133060652 
2.1882704421390047 2.4296741574572787 1.8566151494003278 2.8041742321327683 1.693170941175326 4.352109692293665 1.4115378503737142 
1.2915554548763146 2.1767396380862376 1.571383332514684 1.6652821777768239 3.260754832456621 2.431709374379819 14.440387508409348 
1.5664041090235057 2.6115115546695673 2.4172229720291103 2.7648484873065042 1.0905999781832811 2.715800720940362 4.968181003032902 
2.093780039993444 2.847109975513063 2.7176939676821634 2.4325952553034984 2.983531234632455 1.639684499234852 11.748679832748234 
2.4371760165773404 1.726609739272654 1.7646061307616905 1.675638439532935 2.4191464174714907 4.217160958140901 11.061162816135246 
1.8941759619705156 2.2409199018255745 2.1009246692590713 1.5290197690327023 4.415097574027449 1.373987285902138 0.010069371365789816 
2.330719067982729 1.7894747878769164 2.0556634711316235 1.3120299774040267 1.3386785438539146 3.0721691014453185 12.366514815058109 
1.5690247454167308 1.2207864193016071 2.2047053848375757 2.176331982084098 1.6056849137574494 1.2949744646491603 11.722623030940497 
1.0822061999597745 1.1040384700364083 2.962186454485042 2.970540850461181 1.1578718727053867 3.457380205867626 0.044008109579059165 
2.138814307237398 2.173590679972916 2.4698454398904595 1.1195190551847576 2.3568180003187957 4.950167552167626 0.02334520221676254 
2.2371600102124765 1.7063396114882257 2.6928792304281113 2.7651029361533235 1.0093564619287156 1.6175275424691096 18.58276236293252 
2.7445319360950196 1.9393033617192714 2.3691462032997572 2.488394447222979 1.3167453006766219 3.044119971957488 6.011434014583476 
2.7213850606704315 1.5961525986410008 2.3581992045100657 2.9397748177876473 2.339871637908224 2.612579880280015 21.149050765159853 
2.8377392072350998 1.3411225258204587 2.0762834383788737 2.03283796412324 4.4936600942920295 3.826449541555309 20.758885721734657 
1.5073253706080276 1.577993114812263 1.9059211101767988 1.8858356654664115 1.7853929248268927 2.466093170625479 13.100866169915024 
1.0520761407568922 2.988187497631965 2.954794959684655 2.0988185568416426 1.0559307996488605 2.1414686715910607 10.800164425512564 
1.0577611458344836 2.1170422675410268 1.5414827281192849 1.7923024640113288 4.911687694716836 4.55245874046417 11.795013065236851 
1.4403228100043157 2.6561110994752672 1.9615770807602675 1.307000490156797 1.1835987243083097 2.3461669527953197 22.913878812480487 
2.1783572988016404 1.6492557137595392 2.1729863372497507 1.044280442867443 4.977151997323718 4.72793388303085 45.834958173137885 
2.9506500067960886 2.655147061271885 2.3517813551117124 2.7628357229148497 1.1448624174523392 1.6830934988841415 36.59703939542491 
1.737087170930429 1.2278733475092103 2.579830423708626 1.8417057229145057 3.856763896519912 3.457522533675626 17.17067400877311 
1.3243147189176137 2.5734573088610286 1.9559753435882017 1.998413404445234 4.358984763968527 2.3056330235662106 4.264898706550368 
1.0260038374656753 1.2351960391399308 1.3406696621465604 2.867952608736063 3.0156641260247974 1.652948410329138 2.7955507959856027 
1.4507859712602298 2.5423173406595754 2.431396339601759 2.8042181924527103 4.1055709913680385 3.0331274183088994 10.99801419912263