4.725218875106107 1.7354921250745456 4.956654512130897 1.984023577173498 6.4426106800883005 
2.9483497613051544 3.9179774385674397 1.1223112905144776 2.076565043930742 3.2687413423859164 
2.056011684757944 4.2793696373586165 3.592576545846324 2.878457140203959 3.040190517352168 
4.479831298982285 4.364755829577097 1.6147119614291596 3.4987729199059174 7.15341529238788 
3.3101439426252837 1.695486157722307 1.3326477064563655 2.947336517111543 3.7847382883555682 
3.8707322442129626 4.002588240713081 3.582253652996681 2.5186201239092507 3.994178080387482 
4.288027633839206 4.353976561860938 4.35369038945618 3.3085068808563824 4.313841699212788 
1.9912438077770593 2.685927621789557 1.6274552282721055 4.250279727228557 4.524221223010053 
4.463095591152128 3.226776079009877 2.204993644349327 3.563146259680954 4.924694985263762 
1.8303620623680756 3.3509246895905656 2.716752952482053 2.0093321660353194 2.2925199324911776 
3.6489943151607647 4.7458335298720495 3.06021982748231 3.235006478599524 1.315586339467329 
4.34180755330198 2.6528322498312207 1.4500150686358024 1.8026563150622121 2.066445529755826 
1.2147623957730858 4.8282101496574255 2.2770171565334456 4.534895394058076 5.676933480169286 
2.133655029168692 4.687148058752506 4.0981692222080355 1.575533705180404 6.543145494990346 
1.7327731614334878 4.833132576652935 3.802235229695341 4.5707781574262825 3.784189697173193 
1.0556742898270008 3.15754763507573 3.6905877124004096 4.442077238325745 2.4926674917807796 
2.9532128248083023 1.6071389853514884 4.718189232396945 2.9029435099397567 3.68805421528655 
2.6846126761372333 1.0950853521379837 2.9569375961770037 1.6012617683457404 2.6741789923600634 
3.1044331854446567 4.023200271586923 3.470355929078394 3.206066228231164 1.3082294626311828 
4.170559827037909 2.410031693539861 1.089299249180363 3.242555291825168 5.853180711606605 
2.6801191319825204 2.7859851839674947 2.843054054014976 2.1768767971834873 1.7900144383157928 
2.339893996196497 4.091254608635598 2.5629329866863695 3.893930254051437 4.203106260234385 
4.878569253244132 1.6663144186908787 3.2109652006838654 1.6638506727703648 5.117816731311206 
2.713124377227311 2.1336610506008005 1.6143301153960055 1.5133420983196197 0.6283040835104016 
3.7935597749970746 1.3904782198027914 3.346365544956826 4.988274465119434 4.13208319912207 
1.6404655072641723 4.315311603206158 4.828081102886821 2.8532834649259926 5.1844628236448 
3.897593924253639 4.456700163832309 1.5620820100370012 1.0521867089188452 2.1752663760993296 
4.234967326971228 4.659899478619245 1.3359522648765667 3.549731030983568 7.957050808090548 
1.5989922648897044 4.468771556451555 3.248256562490492 3.559357185778236 2.986912057239046 
4.250748364844537 3.030708306528094 3.7903996405120868 2.8153688020008114 3.577136402474716 
3.736879277199887 1.815375362066053 3.5555053743586935 4.864795287103287 3.708385211308136 
2.881502799773946 2.007792799553501 2.1574008985590973 1.819740522150755 1.1902740232764606 
4.6516999243288115 3.6931592742183295 3.097888416807775 1.9492972730812417 4.604169104770783 
3.5030649221533547 1.5753018882242986 2.0632441384213025 1.090057050934207 2.922842168048723 
3.076704258718903 1.224841950553282 1.1697466431148396 4.353961525722081 4.300750493519146 
4.90951443408585 2.1145582800291463 4.962743693112943 3.85693024950309 4.389128003495362 
2.7900244393367215 3.6914909856911473 3.584251431531538 4.687250097657374 3.4818015681767256 
1.0034585623542562 4.384141651593061 1.3110035480366267 2.6968675382021767 4.3139006338119 
4.221794694787652 4.775735746428569 3.50653113178231 2.0051755421219872 6.150877946613433 
1.3023977768282027 3.6725629208565285 3.576104928731993 1.097224012847747 4.767106982926532 
4.9186697662023 2.0629231187368107 2.414926029957203 2.260762432208744 2.897579270770147 
1.2100327139188676 1.1819961445548874 4.93450094333301 2.979306695689359 1.9834282433023187 
1.0249528171255662 3.0886020366137377 1.186931337300607 3.7413629034810008 3.982579556715337 
2.9442190278346296 2.4275722493973033 3.1706119434461137 2.5888829624530434 1.6180817888075847 
1.2040436469800722 1.7745662501210924 4.790107915705655 1.8548244565783012 2.963358828219592 
1.9660972126036675 2.668717121981677 3.6085052345126036 3.7687203480384808 0.7925089376691381 
3.5272708855147368 1.2979969007426893 3.169948277930077 3.91302903647437 2.71725969012876 
1.0574432329227426 2.3656683787811628 1.2167680435614603 4.527870503413442 3.4126216156512617 
4.275704069420954 3.673280109093525 1.5277476307581335 4.0532563670906665 7.577019835032491 
3.542104006136085 1.0403470579871268 3.4883716420471607 3.010840853095546 2.6614386331832742 
4.012963410505417 2.659240640668383 1.070649078958097 3.412960424326904 6.168967258318328 
2.172358165877122 4.347745263999833 4.7430954346316305 1.7507742625146188 6.503974867884185 
1.3985090727505223 3.873048729210327 3.384864484081627 3.942041628506052 2.786004833752909 
3.7632586550006675 4.924460097411752 2.622282370767778 3.4214961632950893 3.5452455328908323 
4.0394108547182395 1.1656756769733927 4.183314042197399 1.9796875023762448 4.821337837691876 
1.9904111782335763 3.6639129646278206 1.7283145745632593 1.2149681705168858 2.163464181205681 
3.63773463600639 3.4074267137697536 1.4284331061170712 2.549022728001747 3.7491315285655364 
1.7748853622195915 3.589668958363786 2.280909346217432 3.4556376965450784 3.334661043047063 
3.5231106997657995 1.03788299276097 4.453783336166559 1.1995771211950839 4.555912688286697 
3.736658924132042 2.3302380004851897 2.6626543871000687 4.08720980699467 4.105480320641171 
1.7748143713622517 1.0299705425385923 1.680328456924812 1.5764720052552126 0.7579523655677491 
2.5601726428235096 3.4943927494708307 1.8416432240394793 3.7420462257722256 4.955456126292327 
3.047107236426438 2.444389481421684 2.359929518107623 2.038926566144697 1.060281568104397 
4.494316848637791 2.062621913199602 2.741899351064885 2.844489442650037 2.4516565300151476 
2.039466635552338 1.732937148947558 4.564105900538205 2.1891806413070793 3.5004917378780536 
3.2614740895330248 4.895572210373755 4.580907869584669 1.4607358068432945 8.15659723128433 
3.1815986234988203 3.7500440680973344 1.6752281238757831 1.2313749091717758 1.6233593434460991 
3.1257802382718194 2.010220815226524 2.8853057084657037 4.074425737094609 3.0216831777093303 
1.3676762653103012 1.5856299082195582 3.78323924291796 3.0362192211837677 1.0965591792680762 
4.621670749381473 3.46524297334095 3.8360811610880954 3.469044060000423 1.8629873322009816 
3.240858812191395 3.663388991328214 4.942798597982691 1.63328145401548 6.880017054817809 
2.623655345181571 4.269087448073405 3.589261202875012 3.928003973752505 1.995103291426387 
1.4815199238724555 3.3162125225542316 3.843831981607959 1.6421124796029578 4.357576347014381 
4.20461075372576 4.683485011530209 4.164760546313937 2.818470268136764 5.553901685240669 
4.372090064291065 3.531519450988923 3.060721091048205 1.813196085209166 4.6665909122047635 
3.8019095768600497 2.8778590982260983 3.1778324085379355 1.4053774503699148 5.207646365066389 
2.1823498564013457 2.854197096831012 4.445771673986517 3.5451069203688 2.274146413363399 
3.667421451910468 4.721616485196995 3.049895265797622 4.577472095716004 5.8521207301807285 
4.9944317922508 3.8965580827985726 3.5922589012830004 4.199526409921198 2.8573085942294054 
4.951059387667578 2.6392975102189213 1.3600147823329714 1.3997292303489686 2.316214699197114 
3.196984747145064 3.95309573575659 3.4500799323347393 1.2403602758988814 6.396916183078203 
1.914862894142297 2.9426041486759047 3.9686791983530787 1.1111822647937362 4.810744141048516 
4.33581108791931 1.2504791056899403 2.6579367633369486 4.2333026398808595 4.518020181161055 
4.537710504447918 1.4034888831456298 4.027172563002274 4.002133333955623 3.1348585065022183 
2.883531797536967 1.7333311352777736 4.311327916246487 1.9719180131725493 4.274103977419078 
4.149793054042732 2.8502316974471538 1.4189764739163975 3.1919576531125373 5.4858833961966225 
2.1895095065232986 4.25190023097481 4.948377955170416 2.7432552678875948 5.822969133840616 
2.182594250049157 3.232774479041352 3.9434004098468542 1.6743262872375655 4.928177586289957 
1.91403188703427 1.4927424245742302 3.8268571426697564 1.9981267779760463 2.710982276815758 
1.380986704080493 2.3883005397646206 3.845815005960304 2.388229844966834 2.620288012562098 
3.3728990946251716 3.089428657418063 3.4580268460287487 3.1821800589488642 0.9317932158392425 
4.1354941875305276 2.693956462845456 4.449399582381717 3.0941288394292643 4.426571281743726 
1.4509683137443528 2.478166786736406 2.3352990142209538 2.9428543586443485 1.5303859396007564 
1.2074304607539794 4.356932652901948 1.628159733248928 2.3269356618981636 3.5192697351882223 
1.4787365977968001 1.0638131116326135 3.4418169261814935 3.6641135709499313 0.49957769416943454 
1.4194297351963354 3.8733334097961287 1.1375501028746275 2.9675321801642975 4.453724069544469 
4.278936364232008 4.403504721239386 3.04896518562258 1.0743674510398926 7.246176748118686 
3.6885237136917057 1.6985573014029849 1.0489139611657774 1.3020614756765734 2.087898888712551 
3.5304213384004832 4.465188798862485 4.490030621944917 2.1699000546872265 7.340103999701197 
2.867360096765949 1.7642667700153294 2.4771265221461585 1.8838839648089096 1.7162698106125316 