2.35226027971694 2.955388905677463 10.427765900911815 
3.627008717775532 4.661257897765669 25.359634546494195 
3.557061162155107 4.342060388916922 23.16746155972272 
3.7540126154463116 2.2317943526978046 12.56727623266409 
2.3658733911249605 3.961094929103867 14.057173638730276 
1.4909535831726775 1.2930524729564978 2.891821826677173 
1.1607444733461363 1.290176685430577 2.246348185880368 
4.299227825579135 3.707024499908272 23.906014320163834 
3.0936123857893483 2.693433068446792 12.498656851262407 
3.752121131782741 4.174836168385818 23.49673651369698 
2.0745002614630366 4.303501172081987 13.391421460035849 
1.8972548457679999 4.543761107213303 12.931009168008917 
2.0998056155750544 1.421508054724709 4.477335893844174 
2.325050011274089 3.0411280343524187 10.606162155835559 
4.0915144382619 2.7400063937389176 16.81616358136905 
2.9566885585625537 4.309339198895845 19.1120608565107 
4.2043476695057445 1.2532205758018056 7.903462510873453 
2.8724781624000104 1.0779051285726937 4.644388414446057 
4.399629206759828 3.8951814486894323 25.706031100924626 
4.273016421845081 3.224151395970987 20.66527779224815 
2.619857103121309 4.0709404420271404 15.997923350142909 
2.5771224160038386 1.924036254579796 7.43771544132249 
1.0095855796072661 2.3700461059444047 3.5891465573487387 
1.9344606185989472 2.462483363197336 7.145365635090501 
3.2477029953129666 4.539441814982474 22.114138169351264 
1.2162049111837487 2.6355442558544184 4.808042801418393 
2.904359626058874 2.427830654466519 10.576939997610976 
2.752406347542692 3.826557924568161 15.798363481231794 
4.0358375919629275 3.362692213183625 20.35691946625123 
3.170096566028973 4.442926405463857 21.12675861162063 
4.879030355281641 1.9853719828605496 14.530035256353484 
3.871308387395921 4.134171488811523 24.0069791393537 
1.288303245146575 4.162711079870496 8.044251289207144 
2.6179684935472585 4.1645372464737065 16.353940952208326 
4.074098065024696 3.1106392591450427 19.00957408000901 
2.1374669557273864 2.693991147191709 8.637475584216586 
4.253379574014785 1.6184775662979423 10.325999132239241 
2.6790779922890815 3.445731040867393 13.847073298402774 
2.4166932719736867 1.543668918746175 5.595861435133165 
4.869056930645233 3.202999254700701 23.39337857992795 
3.9750246321296174 3.7069253675622313 22.102679468289008 
1.7423387597599 1.004784337173935 2.6260120437867105 
4.489106067269027 2.072166217734389 13.953260910632036 
4.212535923644303 1.5396393939371693 9.728679384627403 
1.3625952338204583 2.7229375597003287 5.565392611257566 
4.975182488295551 2.875506404445081 21.459253662565306 
1.75664475107605 2.073598783889211 5.463864629334994 
3.3715246046280476 3.530825631776162 17.856398238277052 
2.325897143424207 2.6687632587629233 9.310903260048242 
3.2277525402496012 3.306900637805653 16.010785401045336 
3.924831512548338 4.4553577034051095 26.22979247099905 
2.826614393708335 1.1706906563094468 4.96363658955621 
3.104655758025574 4.199488500225513 19.55694922948098 
2.2076702161960755 3.260380277527878 10.796766648257087 
3.5589827157337215 4.46316199965918 23.826474621459862 
1.9778779275576412 3.441443839268367 10.210133712927195 
4.777685182352323 3.097946995730831 22.201523185824133 
2.0738883357531845 2.3674327637457298 7.364686791618291 
4.4559018661188405 4.777964912110399 31.935214152184603 
1.1432953754439414 1.259305572402154 2.1596373557972526 
2.603337908654325 3.159632572895757 12.338386881657785 
2.765571930295625 4.834097630394947 20.05356707239329 
3.480641174167719 3.172920962491183 16.56569901664002 
1.0336893327783478 2.0776565697451117 3.221477149983563 
1.0367693221282663 1.5612711769248548 2.4280170896381734 
3.022962710803896 4.8873592262740875 22.161457042994922 
2.6381559634707257 2.8669037943390294 11.345009012598542 
3.9101005711506365 3.4451664678571308 20.206421060515783 
1.1012281938987294 3.6718907635415214 6.065384450592384 
3.9429322067978636 3.9185890696085557 23.176096571648475 
2.7277930599713347 2.8144503001572465 11.515856994604766 
2.239430384067019 4.111263665460017 13.810333154012861 
2.707561323898018 1.0646706617806014 4.323991659789096 
4.711629238293022 4.587836638684076 32.42427787100381 
2.0200183619662493 4.498347100152397 13.63011561120821 
1.5787754075153226 1.713333990262147 4.0574543530289615 
4.232754372843484 3.419107941251503 21.70836613433427 
1.6012468704341352 4.626489030558039 11.112226621918374 
3.940675253183759 1.5431881856994862 9.121805241587262 
2.695918439672283 4.2315367236121 17.111816822004446 
1.8812683045024925 1.1009441402601694 3.1067569741488046 
1.114583598721795 1.5187797089396207 2.539210430483344 
4.183490438226665 3.8151201879636045 23.940778240546884 
3.2986027239472255 3.5877046677711477 17.751618584742126 
4.917874725054109 3.5857570294692374 26.451455798117795 
1.1543624413795586 3.7550756692197917 6.502077475628308 
4.348067297228306 1.8188511775898197 11.862730985705234 
4.38243981064158 3.9142364845986335 25.7308586975562 
1.857188778128032 3.0765955491715133 8.570728093139977 
2.9597371969425095 1.1825189403262426 5.24991794065893 
3.9157963327433754 4.044260905108305 23.754753031320757 
3.872489052223288 3.302595693326255 19.183898499488553 
3.7310939151719293 3.658077209342409 20.472944425509862 
1.2196259233366744 3.703390643900859 6.77512685031598 
3.3334500749438867 1.5433702047794804 7.717121287182481 
4.39536144460182 2.690572896225576 17.739060557940824 
4.4572010498422046 1.6921300494830493 11.313245749538083 
1.2999786343735313 2.150235753886082 4.192890808376954 
4.753713730738204 2.4283491554690615 17.3155150850697 
2.1420609275794242 4.311365012926988 13.85280980808579 
1.451131172892758 1.841495108055779 4.008376434043888 
1.9825731607366572 3.294735195786781 9.798080356351962 
3.209400088603978 3.7219029683291738 17.91761357449659 
4.362289611503273 1.6339759865914845 10.691814707630767 
4.037083162671856 4.097908784688745 24.81539783524804 
4.674187883775771 3.8417754571660514 26.93577044110902 
2.9750421247102854 1.3696995899638922 6.1123709675114775 
3.732686283554244 2.894495989490394 16.206368216660344 
1.59545311839131 3.7975281066684534 9.088167089944248 
3.6633665658867924 1.2535392216815335 6.888260510603823 
3.3169794462242868 4.6409891083420245 23.09109822378191 
4.872135589471684 1.7340714431650444 12.672946789396406 
2.4066246806022606 2.9089837318579272 10.501248066839635 
4.476180823470257 2.071035417643304 13.905493531774008 
2.239082484056717 4.086814188538945 13.726071097728026 
4.327475848310568 2.805057697651295 18.20822915955544 
2.6690676740081556 4.685340188379936 18.758235057804253 
3.980879641459528 4.6758840566370905 27.921197470337678 
2.0847575396342157 1.7917072500300897 5.602912797476274 
3.4767590895283007 2.336248163523471 12.183858056886042 
4.25024515980118 4.286607563810639 27.328699575079945 
2.1146801793013066 3.6058012561765236 11.437674670404371 
4.81053276802475 3.869253308150806 27.919754739971424 
3.6302253790389227 1.9649763742247792 10.699960654384016 
3.850769085805405 2.7476396599269712 15.870788792069487 
3.056583011550393 3.6808115920248583 16.87605927135141 
4.676050661438566 3.033495876456283 21.27717059936185 
4.586445029206015 3.174239233934518 21.837710633984518 
4.198312990731151 2.997696977597191 18.877905244982696 
2.936003985918767 1.3790776206270707 6.073466086578674 
3.4093452001054625 4.6869851450327085 23.969325460774304 
4.232268681449069 4.99055201849116 31.682035516503856 
3.9525678629357084 4.248901170177302 25.19110532704909 
3.414607478353029 3.0014998549672804 15.373415776570212 
3.837918365054968 1.5704932786495527 9.041137494486762 
4.9062075963019645 4.815606764899501 35.43954973612959 
4.552194940356641 3.1776317929480187 21.697799055261555 
2.1194233734686208 1.4425259810816269 4.58598492171023 
3.9776625335569316 2.194231957479377 13.091871370798506 
2.580275135205534 4.46694619059547 17.28892527884186 
3.8402094053095333 3.444387326590396 19.840752910652096 
2.344877317269969 3.504223320338494 12.325460667765286 
3.2775119657333103 2.033831081511305 9.998858558900432 
1.1091071760658995 2.194911783573812 3.6515886149899757 
2.4756892548986604 1.81082933881473 6.7245761048383095 
4.619482329691667 2.639454766628193 18.289371981689072 
3.8367004459856506 1.7895027090537803 10.298678762878753 
1.7602270473005177 3.910517435980785 10.325097839630473 
3.5965538947131037 3.166480656767992 17.082627507948942 
4.1363444220328995 1.5550067309080542 9.648065126422717 