3.6966944485468165 8.365268820532078 0.44190982117316896 
7.821465131945753 1.5042798337361116 5.199474829440434 
9.644371257039966 2.6448438077451923 3.6464804571057368 
6.121861939515799 5.799290750893129 1.0556225239393269 
2.479241438712347 5.720310136427876 0.43341031859865947 
1.279158449427531 4.057080221046656 0.31529040091239074 
7.191681885068009 2.4951932929049176 2.8822143380705443 
1.1940453265818327 4.536820924303077 0.2631898738135131 
1.8703653121300563 5.749606552113539 0.3253031829530171 
4.443698267299572 9.962572682691714 0.4460392319164453 
9.618717175571387 5.0154590375377675 1.9178139236271166 
8.568965349102974 3.960107256042286 2.163821531860923 
6.2410928962831385 5.198852686410659 1.2004750418485224 
4.101377358125071 9.312793329250937 0.4404024886113263 
2.310644980093276 9.72551112750424 0.23758596846994032 
6.0205496336825775 1.8124812481658337 3.3217169224648027 
6.5760960118537435 9.120929232692946 0.7209896978788594 
1.5456651135655766 2.591718202355319 0.5963862553270246 
1.989921717559429 1.9519984519627773 1.0194279178646475 
8.994544662744952 5.6726137355992226 1.5856085187500994 
5.261404819210045 9.448852342015982 0.5568300391164209 
6.549610886243658 6.370170459088188 1.0281688580090453 
3.3405693443178173 7.1664971756306795 0.4661369791196261 
7.011308214553002 8.763622088526038 0.8000468463528008 
1.3470321860394388 1.1118471205214409 1.2115264420594978 
8.771455191945979 5.973742769764911 1.468334933392381 
3.6460549412412058 6.758547673175792 0.5394731409104571 
9.371514276893894 1.2580662256523905 7.449142251660198 
4.215142336892865 2.3088761430022267 1.825625142200969 
6.082635127697555 3.122803395889944 1.9478123841235644 
6.3325845668904135 8.96271133903309 0.7065478656343273 
7.404672461593911 3.969703049208613 1.865296313050439 
3.489453100018177 9.027726992090114 0.3865262100942524 
6.507295896799715 6.991127495599393 0.9307934808649637 
1.3120146737098808 2.269329889989316 0.5781507040900333 
5.941597939120021 4.0456794573731685 1.468627952788395 
1.2999895824984744 1.169460383908341 1.1116148955417406 
9.613797063140124 9.163990660298506 1.04908411842783 
1.2158166904405356 6.342872136304153 0.1916823584510982 
4.766002798557511 9.62220300323753 0.4953130584497043 
8.46156701961917 3.3824086495833736 2.501639481279537 
8.482737514818744 9.575406382813576 0.8858879900955422 
4.232382631173366 4.172272829227264 1.0144069681936967 
8.7286441891056 9.154299531926343 0.9535021394770581 
2.8861901523001703 9.90655149340681 0.29134155858585503 
2.2585638675027018 5.503737543337912 0.4103691082138568 
3.2171542978650325 9.55189779410467 0.33680786449061734 
8.812249761219109 6.580273309979198 1.3391920587637365 
6.895502835097544 4.788085894857986 1.4401376638841739 
6.444484287263183 5.938640305090495 1.085178417311971 
7.582066055585499 1.0624711945398957 7.1362556411413305 
3.875223298429348 1.4876915213672457 2.604856748035956 
4.035450094785437 1.6472198094151587 2.4498552480486584 
9.379718851500026 5.890053917537127 1.592467400607781 
4.236055844702624 6.937346328486045 0.6106161699479502 
2.1013190981318095 4.231351568643574 0.49660706846096936 
9.817037960297654 5.737164415433747 1.711130664808646 
4.191500021606184 3.0113835495150933 1.3918851427215635 
5.063530107328041 3.0367082228725515 1.6674404439614656 
9.926830370306233 1.2649167794301641 7.847813019587106 
5.604865476062031 1.1992773387560554 4.6735357159968105 
8.065115099608878 7.06600760904335 1.1413963224844015 
7.405871114035282 8.846034954692719 0.8371966821255384 
8.293972392562166 9.588779584609739 0.864966424494127 
7.410048815880824 3.92409189243179 1.8883474238134519 
4.576988501377429 3.732463859482054 1.2262646535076078 
6.4777458558296255 2.472578813534306 2.6198339241491477 
9.260247700885449 4.301967003525352 2.152561303537873 
6.802791421780134 7.935860495152324 0.857221649238374 
1.7330947851801946 3.075452053828031 0.5635252167313103 
9.630903020684478 8.840038824576522 1.0894638826595697 
8.621389082832659 5.082490647346057 1.696292168748903 
1.8725322632657204 7.60521754750814 0.24621679150772724 
7.518617523850739 2.1095579719275888 3.5640724852802563 
9.380597815213221 8.229443588128907 1.1398823887370553 
8.339640730679317 2.0186810743331773 4.1312324352345335 
3.5966480129686804 6.019267892361515 0.5975225022851778 
2.923201347882675 3.7003112368818263 0.7899879660787654 
5.090549442549183 8.113897611270271 0.6273864530257773 
3.4801922514305192 9.562806730996563 0.36392999977192264 
5.84500919174374 3.038708052024213 1.9235178541913989 
7.748366248780939 1.2610090527343143 6.144576228045101 
6.2932276756273 5.848854829921912 1.075976042939558 
9.759216699578086 3.361802482447435 2.9029714715640442 
2.563738869353568 9.758425885680586 0.2627205349907481 
3.3366624626559016 1.2498863061164722 2.6695727814022234 
8.308806190397869 6.748739950818888 1.231164076694003 
7.625127285094366 1.5755269655410673 4.839731373607906 
6.046540769329885 8.688670840673787 0.6959109028534668 
2.7468797004371046 9.41719187092598 0.29168777041886984 
6.157177109009348 9.10227827895678 0.6764435145038247 
4.373011916942403 3.2713684242574046 1.3367531105687278 
2.7915212703862293 9.688070789675791 0.2881400570855704 
5.982207028349921 6.214292255423743 0.9626529912764786 
7.186328533542154 9.224768266646674 0.7790253723256378 
4.817432575593953 6.248988034906336 0.770914034189883 
3.562864788325864 8.558049690823074 0.4163173756920783 
6.563091191598388 7.202196415492237 0.911262455642128 
3.7750930186552494 8.23152639974349 0.45861397210277893 
9.289053579301822 2.812056097548848 3.303295971726418 
9.344578604034414 5.566721015625658 1.678650425951722 
5.232655993832209 7.234106656064354 0.7233313306827833 
6.042863962032435 6.173085362392553 0.9789049733293098 
4.266597021793492 8.590893407205813 0.4966418298491265 
4.666751029653355 6.468594849953979 0.7214474144545561 
7.758701980565807 5.95604156755601 1.3026608180220436 
1.3968898203794697 3.825713768569986 0.36513181719332166 
5.2757609196263395 9.15850727163875 0.5760503063598416 
9.567187628244005 2.3265783917651985 4.112127776182638 
8.143116878805834 6.258957693658301 1.3010340183408813 
1.9364273020352032 6.540085994258467 0.2960859083099504 
2.9043389561933677 5.0265599736048365 0.5777985285054698 
6.324312319737898 8.838006467417625 0.7155813183723317 
4.125117524300091 4.000920482351594 1.0310421170568975 
8.152434564419828 2.798170040361192 2.9134879034611845 
1.9777578754540346 3.5887378735942694 0.5511012353413342 
4.6768596063272785 9.345363697280536 0.5004470406741073 
2.3733117877477117 8.414464300342551 0.2820514417835363 
8.064906205040984 8.382099747140732 0.9621582238736842 
1.5957413997321481 6.545435727143282 0.24379452587316144 
3.143707944576264 4.026034063579937 0.7808448450584863 
3.4062952712755106 8.122258132777198 0.41937786457801424 
5.077415939371832 4.335793362991607 1.1710465684804963 
8.56432991665099 1.5103992242119717 5.670242528838229 
5.076920452516603 1.9379325908166407 2.6197611189237495 
1.7182370193375802 7.549532918177101 0.2275951423697432 
6.6553067304776015 5.803399337416303 1.1467945498026975 
5.758796917731905 4.769951961747779 1.207307109990642 
1.78046365131061 3.029240123205855 0.5877591669511955 
6.284631060858604 6.138300502497029 1.0238389369015166 
5.059343539459298 5.90582094082446 0.8566706627500641 
7.494261788261297 4.411973540838792 1.6986189329767623 
5.4166090317225315 8.974980243689092 0.6035232261966605 
9.862215986656276 4.2133781663677565 2.340690912906646 
7.971024991103758 9.083707682920904 0.877507871162653 
8.786250931742128 4.541986698791519 1.934451048498199 
7.265407944174938 9.270341626774652 0.7837260196745012 
8.822431063605924 5.629299729167792 1.56723420106646 
3.733503575420544 8.183978088706237 0.456196672932534 
5.519643046004182 8.72807131002023 0.6324012316062744 
6.964000440671724 7.542777410648738 0.923267393631435 
6.630477023080883 4.749049948000964 1.396169148709812 
3.8126664719763848 9.328144491387896 0.40872720995010164 
9.773540086570423 9.637252255468375 1.014141772726216 
9.526700485457763 4.994619803631769 1.9073925263601752 
3.505088816626915 4.823389080473312 0.7266858961920952 
8.54979078028406 4.601424889195813 1.8580746151825809 
8.604184874972468 1.8542256473098413 4.640311651095778 
5.220550275871896 2.802419394373782 1.8628725901457945 
5.392602392706555 6.924432021607382 0.7787790212798941 
8.093428245661663 5.520108237298525 1.46617202013823 
4.088200056943533 9.056265484332753 0.4514222848276784 
4.537315961784554 7.849745945412717 0.5780207402044774 
2.3647715947279306 5.6830255230451066 0.41611138030941436 
9.552236148558261 9.487352407548183 1.0068389723732045 
5.968368662715037 4.321444850550116 1.3811049010506913 
7.64147525069459 9.876537207737133 0.7736998393230748 
1.3086474096049643 1.9656267708596529 0.6657659678864857 
5.7925542329635595 8.31777893754549 0.6964063695918439 
2.849170292034316 7.596668764092449 0.3750552222971245 
9.8801123549465 6.35140344928519 1.5555793981341939 
9.274336631676476 5.211397749893881 1.779625558587488 
9.02183922423202 3.4367262417609834 2.625125945326741 
5.573969823124093 8.479051506694251 0.6573812906695304 
2.8933400916720724 5.48760689395106 0.5272498827970669 
2.4707538839961334 8.78656738587103 0.28119671488198605 
7.630711557749197 8.981029628454142 0.8496477434584114 
6.955539984601367 8.37556204787967 0.8304565048696891 
4.329541194958958 8.31698028291919 0.5205664853926197 
4.389304794165609 5.097349558818498 0.8610955053243387 
3.0541300320383846 9.302436097798193 0.328315077892475 
1.213126297301096 3.072706222779772 0.3948071209370683 
8.631925700453284 2.7234751092890197 3.1694527594587423 
1.2782934827865418 6.419545368849456 0.19912523540832053 
8.949426781341787 8.686625592663379 1.030253541593915 
6.091892825116287 5.51467579514425 1.104669259157589 
5.692533223124241 7.166916776836718 0.7942792417406541 
3.8640558870476664 8.522951640603168 0.4533706220553198 
3.3291658735734977 8.694336181051524 0.3829120250524815 
3.251950670360065 8.74157401183271 0.37200973943115756 
6.220218455003247 6.260551825921694 0.993557537412046 
6.77783575552858 2.2728833406993236 2.9820429558180344 
8.557828792269774 1.4346823643451625 5.964964095851179 
4.934936894265826 4.826686799929057 1.022427412182278 
1.73297166399445 4.029547020327952 0.430066122879839 
4.884512520764272 1.5847063105720496 3.082282494982337 
8.96344312692387 9.864478377134029 0.9086586015233438 
1.2075744470638172 4.574375946578507 0.263986707950195 
4.959182853748407 8.314573179994603 0.5964446696651272 
1.3992619623722424 5.293715956778899 0.26432509295864454 
2.622337232763276 8.572090580575884 0.3059157166054006 
5.504368924477828 3.9697000002649276 1.3865956934051642 
6.058647405850308 4.88519048628747 1.2402069935362159 
6.068718698417112 8.274206521437632 0.7334502326831794 
9.390955091113485 9.092408110467263 1.03283475367791 
1.7309792538577495 7.356096012251527 0.23531221601442065 
1.9679709214742953 9.945101479217735 0.19788344297810953 
4.837149416928923 9.35161459210833 0.5172528625175498 
6.098665872616775 2.4638657897794625 2.4752427254418996 
3.96657443288663 2.1529685892663073 1.8423745021929776 