1.6823171277495557 2.849193436404849 2.5054347013361986 2.3070123120660915 2.3244568918176967 3.446585611571099 19.139148838247163 
2.5578936842881257 4.217507332287159 1.4865819586974656 3.0779904715962267 1.9330204740342571 2.922254910611023 20.36987183912512 
4.705817189102271 1.9291615864453049 3.417901148344694 1.1873576896206388 4.170084880306659 2.5100574262159516 22.211383948208162 
2.485279864691045 3.6175735047585014 3.6263825757187904 3.767692901490751 2.654793697325933 2.99073812213833 29.813243259120878 
4.804964590171448 4.133495018858154 1.7607699624900714 1.6679028671726384 3.5415152973403026 4.138948961543161 29.94078706514073 
4.395742238402743 4.8826376078614535 4.57114105848809 4.105260718708454 2.087472982520872 2.980581320117041 41.86269968128312 
1.1743936018396393 2.047908812353544 1.0135117053549414 3.4378754518643913 3.3767803097602114 4.187458362365703 15.19679515427504 
3.510098031918455 4.817364343962854 2.2861927524386503 3.708389629580966 2.5204147059568864 2.523384512022342 30.927510459856702 
2.550281158637876 1.197951909775318 2.934659929591128 1.6272588623423574 3.4802455759236084 1.6978787573279601 13.30183120545735 
2.933625991553406 2.3561026191798407 4.256450507994014 2.8916032007489196 1.3204197319048405 2.289442751221438 21.33882645719349 
1.0957787411730013 3.932479821524986 1.2681855782086768 2.029395075873032 4.429254833948565 1.8281682426407047 21.960179840333613 
3.2094682410633806 1.6265191118554205 2.849878905351751 3.2842316841491015 2.6604163077263356 2.739796973591573 22.67594485656455 
1.879536528653185 2.809164524327847 4.202814324248099 4.208616281508531 3.957672361994473 1.9679579967186838 27.29896289253537 
2.39818645168062 1.716265747831054 4.227988951125743 1.1284927713791033 4.38392855460714 3.423945533471395 24.706726379125012 
4.464978396084425 3.78790432051349 2.088138947029872 4.715804469749415 4.149588009638064 4.937832517786482 47.08508782194903 
2.216789178266091 4.788600568506897 1.4558681384969518 1.3430746308126138 2.130853045401852 4.402336219724079 19.590338449052492 
3.619134063249524 4.355522042959028 3.221550277629267 2.4418853743097126 4.29512281382349 3.981147381329677 40.370479081145156 
4.88643566006388 3.3897885480074468 4.446063677464225 3.3586076085815013 3.9258996145857794 3.850520086738171 46.83924703787722 
4.511190769543958 4.091645657922921 2.0176487467293223 3.8824791258093 1.5624471889592484 4.226167327886529 32.434505464315656 
1.3418895058680738 4.177126720011994 3.0767037226357217 1.4795632747710012 3.2639896695535606 2.552600746112275 23.473105112184662 
4.586241004784918 3.649167129692906 4.577107204510406 2.886939664109819 4.890045722523477 4.650629287999754 52.37122399881929 
3.274817398748307 4.760761399040325 1.700295482431823 4.527456211080992 4.905483575191564 4.743714762862767 46.24614600175815 
2.986415350779351 3.57168617891981 4.537512758070763 3.490536120864116 3.9174007427862643 3.265924683978544 39.235091664549174 
1.1782583890897995 3.95534494295138 4.765392853317289 2.7568657375905463 2.952320828773974 2.553905410547148 27.0961100344412 
2.369155201345983 2.36035560173224 3.6336716350709644 1.4993468317274545 2.4728501498765403 2.7867599360006237 19.515161581711865 
3.5375996284413773 1.2539376848468802 1.109721375156532 3.5492635201215093 4.723936215868618 3.058876788354643 21.873895907920325 
3.8003137049671056 2.79058312087999 2.6990101969456757 3.951383258451351 1.5394021549278776 3.3390506853523076 28.324457468342594 
1.4507644764081662 2.7426878737703353 1.2525135116992225 1.3818611449408773 1.8563683249977396 1.4311731026565742 8.888757603289447 
4.469334822043203 4.746372674218486 1.7739258293355724 1.513489308466721 1.430001227339163 3.118297091916112 19.083236973553895 
2.6848601661756923 4.713837097118143 3.5860478252104704 4.498878891825614 1.7029137062875348 4.045455385041771 34.61331501651539 
3.633436602859559 1.5285545236286917 1.9647201189739167 2.095227035668588 3.007033476733377 2.9676705970472845 18.039931354769028 
3.7249787326028048 1.8551262229742083 3.867281735283571 4.5382243248080005 2.0683621303708457 2.4092330295782673 30.059044811678213 
4.1620759093016115 1.1783901040249711 2.093899607265226 3.886420390574118 1.0934035431848446 2.6887942886177245 23.09409790097559 
3.6006639803189264 4.770101530715429 4.710069148587737 2.044246503590112 2.29100714648146 2.1327344880107653 28.33430836278959 
1.4613691929107038 1.3848669677725312 1.7891337958517712 3.7125308182258325 2.5989481927168163 3.1978600134588713 14.745975093014703 
1.5461327050828237 4.454023539846127 1.845380721765192 1.7948585120408849 1.9502214189783151 1.8954623993382613 14.95927132507386 
1.0255683375872753 1.0202937033681438 4.388028548145908 3.2568088215292055 4.629918231966266 3.246490786162356 22.3096506790929 
4.424125696380834 3.445618344051404 3.8150116169363417 2.3049242233364957 3.8868374974038034 3.631603814100497 37.44444380497875 
4.931546496640684 3.8867533010915536 4.882719586263557 4.698044387869922 2.1613724566690236 3.0306501779092994 46.3671608556999 
3.1618586038895407 2.394047573123911 1.044636230260303 2.5777885434649352 4.3448903952368205 4.29019618032275 23.034171556258105 
3.6853881623639873 4.948784176053334 4.299041946046014 4.623455145064038 2.6787911190337153 2.156283842866212 39.56594064972927 
4.420129921459365 3.8423701427073453 1.0243980883168278 4.13801625212413 4.290247918931877 2.341575219772039 37.173995138799704 
1.6635763162397894 2.760692208376796 2.838229144878704 1.0551798580372944 4.242158475184719 4.567173938251019 26.429352251620642 
1.6992243051899458 4.06999273267747 3.994660066543673 3.913819660758502 1.2370840986336606 1.2791520777982823 16.795158509058137 
4.17640601023426 4.141724078825062 2.6981314962304266 4.962635600624454 2.844023529124265 2.3850115235217695 38.940216590856075 
4.145986107548081 2.5888584935376264 4.606312040546154 4.479680272082916 1.6268580240266086 1.3142202654785602 28.83810602039776 
4.0206191615215126 1.7991357685644664 2.950545643706672 1.2838060143326269 3.3341359272175293 3.50081234408697 21.48956487609558 
3.917730651664339 2.8616128707136186 2.4877417055426743 1.194785926477393 2.177230419696136 4.2026504857378235 21.366348925038494 
3.5426558305294504 3.7960389056589148 3.239951834797707 1.1194746657562513 2.2321730242816002 2.7924768512341083 21.48681959389274 
3.341591245710826 1.9128885443999741 1.8219262584151479 1.7213940516264459 2.252326056650214 3.841819395544169 17.060155642183915 
4.126401456054051 1.597921537760799 1.1130289621602243 2.084512475862579 3.22005722972264 1.477974231034218 15.39196224022593 
1.2868320095785264 4.405160411052729 4.133139664195454 1.1003329562888249 2.7454543045884416 2.9716366461199315 25.79229957192897 
1.243346234201283 1.9786962843828073 4.735502410197622 3.3182733415816354 1.3054686591158675 1.1788441718191511 12.291308065373816 
2.8311149880773083 4.378704433495494 4.2271636418114475 4.118716500374639 4.977826804846691 1.0201573138675308 37.76936422151573 
1.9660172625485592 2.2577397416993885 3.7925483911402598 1.7935834087956906 2.0357241265754005 1.437885905009888 13.575603082907083 
4.090926795208917 1.0364738614747897 1.9284088679441216 3.790442349288106 4.16922794791418 2.5379806895456 24.72198243133125 
1.9333080650829695 1.3470865576066386 3.225451082986247 2.5197860953675497 2.5116873488644083 3.0124549599532617 17.97150915805245 
4.4630124487723455 2.9337601329242204 1.6381247959296132 1.0086716896293466 4.79848187331976 2.811425798840348 23.184775439041648 
3.3335532847026292 2.258194938818763 4.25490717735709 2.521786311324001 4.3932268778310295 4.741456262974378 38.50172802648724 
4.572921737959403 3.187127044502823 3.4170954062537517 2.4576658369280766 3.9748061315408885 2.1339181981220356 31.198727720942294 
2.1668194636870424 2.6141232471446747 4.851513940266487 1.668418546831774 2.537113978945265 2.5831702810968826 22.779777042691705 
2.5281671260421352 4.653550423702877 3.325459278514191 4.485847793045975 3.206535752699323 4.3913280211793815 40.86593124643019 
2.2972344572057524 1.4355685466989758 2.8676915303765433 1.3649417054155721 2.009304221331779 2.5353005723792794 13.290545037022078 
2.8534550567358377 4.432518648729392 1.2285552372394033 4.612008930658971 2.959803413384034 3.2746937339012363 30.302686168436743 
1.2348516029608048 4.18492135841602 2.1891591543534177 1.2931243104456636 4.221283863587742 4.57997530625187 29.288852496640533 
2.199048093287271 2.3227279338546025 1.532719156043604 2.0888711045536232 3.1222981535483547 2.6464317956423278 15.9020138670048 
4.789483855061831 2.9743678428759845 1.637700162170363 2.8663139025352518 1.920226241158264 1.3399492395025376 21.634058429312987 
4.53374740699987 2.965959132228651 1.7229516209192348 1.6112410995614272 3.9519700498597037 2.160224844093126 22.748304713543998 
4.757501315380297 4.3119023297150925 4.674712049970216 3.6274192614199285 3.330081012802251 4.816025749421512 54.12996958867075 
2.136993092333882 2.9678569065953218 3.1505802021401506 3.3532326323081985 1.3233598547080794 4.1233447750546235 24.084306071822663 
3.4735551291873468 3.2825687606838083 1.6273149929777397 4.602509082483149 4.2684537003102285 1.2195353243628309 31.98312992145586 
3.310016586234742 2.699894840229757 4.760801715843334 1.2155440857431086 1.5966623621363922 2.139915411520222 18.522004521155402 
3.8165056648904585 3.2403037525373812 1.6289786252687017 4.9735566082399725 1.6914301093107085 4.499932409005016 31.7926480097785 
1.6462187969856608 4.803834545810589 3.9543269064148414 1.6576272479692524 1.5110342324961206 1.580563730204024 16.237641265619025 
3.2057164846362958 4.610360673123584 4.988015826982297 2.5567482588285895 3.1686244161747577 2.1961912354236026 33.759348077995966 
1.2473051993382978 1.6546908978592505 1.8653469647604428 3.3201283849592076 1.4294982447585793 3.671848099641647 13.355861838866026 
1.8245211265940333 1.5150489775096738 3.39773098437544 4.911494002955433 2.2796924685646096 2.1097515877588204 19.583338654130824 
4.622183180562002 4.751941136036187 1.9205448415686668 1.565007157922893 3.7515399028846073 3.937419917844468 32.62283806311482 
2.7983164392821815 1.9847928645374013 1.5868909309795725 4.746642653820432 2.7985391487242235 1.4158436465625108 21.083918145515224 
2.5247529778159743 2.261307299716218 1.1201629397331327 3.841526210194122 3.3108796684484925 4.7042052673523145 22.45529750267577 
3.447549794460614 2.4890864103622072 2.901434443909977 4.393529007150663 2.1467892749050113 3.8338369819025586 31.61408070726437 
1.7174827823749572 1.495672614772114 1.9714184877948497 1.7826003335435647 3.339397031283737 2.753851076846495 13.485222995788245 
2.663429316657097 2.4897761173138906 4.289473889585992 3.7393706130449034 2.385998728706411 1.034668964321173 20.338337474124994 
3.3408264500510114 4.890594369575453 4.320092758389051 2.5373060791632573 2.828432029094191 1.2626335388290548 27.764107024953297 
1.165878601012306 1.6500766793431945 3.7807944929628112 2.753355336148697 4.302257250156671 2.6312183233318835 20.25722817105354 
3.185057364859385 2.3899886465963243 3.7394469576618845 1.5911282921681176 1.1184603870158303 3.905971480811796 22.34711568267752 
4.185615037344501 3.523709631459139 2.395908461416131 2.4907207827337574 1.321104621640012 1.8349857839071126 19.476845407716336 
4.555547600821734 4.317585869393975 3.7385194975341145 3.482269202865249 4.991834484991697 4.83815227748622 55.50384376870322 
2.7082581855267733 1.7512792456165598 1.5167369642049415 2.0286057828077704 3.204797547861355 3.5307592509647496 16.461716716115312 
1.5902118978656712 3.0136201738168493 2.8778539136956027 3.9495358926588975 1.0416385343339511 4.8785869385737115 23.45956238292611 
2.545731928064575 2.180121552658837 1.0738071542098355 4.618812940152846 4.608818592312211 1.9099313516451049 23.8569422663457 
1.6974687809216693 3.427710603411261 2.924885709864057 2.0976448583349825 1.9619324655035633 3.6728453151430873 21.028276152471015 
1.086661903037303 2.366986622455339 2.967709175738739 1.864797730516048 1.643173228945189 1.387807488868587 10.03438272078646 
4.993595883564554 2.065199683167863 1.8990893027909035 1.740496518057034 3.8270510158823465 4.070916939829548 24.32599560637609 
4.25440837391322 3.9626206857655455 1.1592146088387567 3.5038078136310045 2.956375236655291 3.708463634583792 30.920528192106385 
1.2810625391004549 1.2727783083984852 2.79300831032764 2.839198976437296 3.2611482647381673 3.3010795566036766 17.007852856243023 
2.257458581068978 2.915216387857606 4.491417650233483 3.7840668299845452 1.070380793549985 2.2858151931656465 21.92931647104809 
2.1669507924092013 3.651584834278714 4.455623937696805 1.9705068154471164 1.443493223691123 4.757397945899381 30.738205438094347 
1.5508412951787718 1.976509018462663 3.0654388261542187 2.1802779849644462 3.010480757433021 4.380936360404808 22.76099991512235 
3.131018948565063 4.476371139509386 3.5068704845551757 2.6397923359264253 2.599874817445855 4.19324677108883 34.60841775920204 