3.359331869243171 4.80025979800206 0.2895846036414021 
3.4032068972605605 3.1666288030028524 0.4083885388119886 
1.1305950769085094 1.8106069342448277 0.2011300589799984 
4.137832287063912 4.544508797962241 0.37314687719358286 
2.545174343743301 2.3877640897642687 0.37564220475582205 
4.747291862075517 1.9889938944680985 0.7941287318889478 
2.906774517667436 2.287562780082636 0.4420865413244475 
4.473263468521113 1.3508201023446693 0.9514261563569992 
3.407501899869233 4.199468171456868 0.32767792661710493 
4.008532268576791 3.1519264475951343 0.4827316089496962 
2.1058770968241385 2.372235210747438 0.31223757615017933 
3.6975189992688993 2.1856896749309014 0.5803325773325834 
2.363096866976872 4.325706959463142 0.22185757543211543 
3.0641515336428884 1.1367572116668905 0.7170097559311699 
3.8766096817410176 1.2625718706077995 0.8566821085554369 
4.064393127013428 3.0163054548412616 0.5059865556433465 
1.1177850892252787 2.912107546225865 0.14286226490675616 
3.535025417142132 1.1361853529261694 0.8274154235492291 
4.030517764382622 1.5393093985184838 0.7936247876556827 
2.1726606718775634 4.178979518767235 0.20975760417707995 
1.2921973233725024 2.7280079955521743 0.17330935514545595 
3.482405770738298 1.1115511461528782 0.82460843467681 
3.1647149921765316 2.146058561623185 0.5029650482004571 
3.751446276442466 1.5565552750006613 0.7336916031360784 
1.7839430884834129 3.8906716375489623 0.182382218710707 
4.673688004741555 3.905291688644044 0.4763924656673668 
2.3650019964478965 4.539045628188061 0.21348461045459366 
2.7950682978254098 2.511195565631263 0.39802230402436956 
3.505195625953002 3.318306608980125 0.40585302797441253 
3.248508408062485 3.3781723559714245 0.37098909589886503 
1.0706186944310883 4.586597890919049 0.09582027517779351 
2.2965611699923407 1.3693459560638397 0.48464032112211775 
3.4286935327665717 2.649497674131566 0.4697486940558831 
3.2775494737256037 3.8040055463170277 0.34112673706614727 
1.7579794083153986 4.12258455798832 0.17159105803084793 
2.919822646265085 4.828191694244445 0.250491301542854 
4.432310279313791 4.98943105279179 0.37001096099501846 
4.267579018381119 2.6410485724513193 0.586037089791965 
4.151548761884784 3.7596579867497115 0.43611839059047647 
4.092796125378868 4.170045353011211 0.39581820331567147 
3.932177211376143 3.1944767167376154 0.4687327498666528 
3.3147255945504415 1.6952301819507518 0.61492439806223 
1.270331286651862 2.142919868152374 0.20209412583570746 
2.5656497921676498 4.464276289790661 0.23476574537064093 
4.535554547107161 2.3815874726277984 0.6706250516687989 
4.911378031833195 4.698673584748949 0.4309229120419574 
3.435841905771945 2.0890144158451736 0.5561388590722839 
4.35512560986846 4.308686238463387 0.4101886431254847 
4.91715106431835 4.176017437213745 0.47499367264161085 
1.5548146851339797 1.5063646846865062 0.31017327498940056 
3.2684631054940554 2.907135217258438 0.4182684913305193 
4.591725502187109 3.478271783188725 0.5126671319307021 
1.8535525876628403 3.2283610332149193 0.21918097498093037 
3.101058307027636 4.320914317990326 0.2914027666770328 
1.8221348384463822 4.128330373088797 0.17765380795357272 
4.85388927932593 3.218166563039242 0.5753553358770928 
4.639302266597756 4.927963288892138 0.3913065955798778 
2.387734845099412 2.0864363769225385 0.3868109614947261 
2.792430078063413 2.8873298931495066 0.35917071033569936 
4.279081306250776 1.773401649992047 0.7714499820577821 
4.952790539755548 2.7140827932097213 0.6667582301625715 
3.4081951550819483 1.016193001427769 0.8452055811790914 
1.0954226840408574 3.7831241476656143 0.11450912104962553 
1.8285015704167047 1.626570045757095 0.3480778236564501 
1.1063704094557405 1.4734939079253602 0.22364526670367005 
1.2471140455066023 2.6412931619334366 0.17124603678496675 
2.571851786831386 4.643608113876743 0.22785527759338992 
1.7391109906867586 2.0714517336379368 0.28310895653028767 
3.6208054040647246 1.3791714467221623 0.7609383109092851 
4.589868323672549 4.6539342153159176 0.4059004004007577 
3.0877734422887606 3.845324862989279 0.3186343051912299 
3.6007742903092774 4.74128933265599 0.3135858586527214 
1.2481285666545374 3.6893979811548707 0.13307982940138058 
1.6919126766900954 4.007438147648971 0.1689399476141768 
4.767247499646782 3.123849215022977 0.5780094337930612 
4.275625505790591 2.5179962685344295 0.6076790848291298 
4.751038816186317 3.855990686632445 0.4891935675726233 
3.2861875429909717 3.420647588686977 0.3716862153184028 
3.168487156099361 4.140445906951213 0.3081918585909781 
3.9082928014442904 2.322144972358189 0.5882182797504515 
2.9282090267258725 3.9725099831071464 0.2944397333211725 
3.8639551656392204 1.8062615212326572 0.688452436881572 
3.283571158889943 3.2571749671134462 0.3856514219236272 
4.995274699260668 3.2723218443403352 0.5846088943273373 
3.900515433561458 1.798648978793448 0.6968568518448223 
3.6108482374381414 1.7262121303864966 0.6622463815620667 
4.214335752146493 3.3091055975204715 0.48900353643822164 
4.49250809417974 1.2116022252213878 1.0156681981385751 
3.15868634966433 2.4836427650150594 0.45335968162204415 
4.020307811265216 3.185735745843512 0.48023908523817244 
2.145837423837678 4.784029692319607 0.18549675036134874 
3.778417465277256 4.348745992862898 0.35320591689332315 
1.1538152732089322 2.197686521146939 0.1804140689805773 
1.284788064442048 1.3793109168690139 0.26999162978933583 
2.6450183510456373 4.64755759513856 0.23417364997946014 
2.1152226570878137 2.25121898280836 0.32529686069633984 
3.629467576641632 2.0214462834627285 0.6006175910700092 
2.4517439260203924 2.3468271950479425 0.3662788341220694 
1.4451815659036007 3.105196062727662 0.1760185803334521 
4.6194843386801505 3.8646099717795788 0.4748052120805734