2.8033987761570813 1.1540517043145126 2.97018167616876 2.642675633037137 2.491100163674006 1.1516320317449853 0.001778121994603337 
2.5482677635946365 2.5883195983253513 1.1997293603483838 1.9734874014901758 2.1756629082796013 2.775605955089288 0.7953984515353807 
1.3299942550141393 1.5292032270908227 2.0421789661859493 1.4399591063547552 2.251141817050577 2.994440196296928 0.06183817999664707 
1.4975989298685775 1.2152944280963418 1.2610739897429157 1.9531343492944941 2.6283941749110413 2.1226935808854295 0.42222489534848096 
2.2727851218193615 1.4775682230100995 2.3093649773315343 2.1498245083322685 1.9569579549137683 2.415892076168384 0.01659511644980576 
2.7323534119713564 2.3503771464718275 2.713921954514115 2.4368841432351664 2.160514408561185 2.0266355222398915 0.009206221277975534 
2.029511430816572 2.3643516599721557 1.1614565804454824 2.318898687465147 2.955800151697461 1.5455894371481331 0.7640767168973804 
2.209239696411648 2.5753867561669637 1.5993217498368058 2.5620053240325933 1.8996402659346232 2.2640598276016 0.19205854563867117 
1.6975329116410152 2.58945917517702 1.6487312334295188 1.7080424206592528 1.4217878289288783 2.4301244575194945 0.16143440697846742 
2.504835444827136 2.122677575740796 1.468723226954737 1.5347555747253767 2.78733069035453 2.197583088448313 0.2069915019527474 
1.8921846469955863 1.4057594087982659 2.98536676814411 1.8717377196184062 2.7694029005886236 2.5739125043033013 0.006435006311912014 
2.402967001244141 2.244746998769373 1.9603298259557125 1.1648471033956682 1.9879718172653802 2.6699771292741326 0.04739091438793702 
2.6353554698506025 2.236817704533777 1.8164035735853645 1.0988834279155528 1.1651824094545766 2.323912424107177 0.038143538293652364 
1.5379400240688839 2.257349678893025 1.125099554299201 2.351754147456379 2.4729667471337304 2.184644258194531 1.4490754789068105 
1.4484310348510374 1.1148312117854131 1.0261979476011187 1.1665115730918716 1.3716059559245273 1.00574527099588 0.29239165721683463 
2.963237017327603 1.573516121118743 2.132688193823981 1.273579274086755 2.8785569655498096 1.9258158642363916 0.017417635604241418 
2.438778884920903 1.5417171619454613 1.6716402539532682 2.6203513628695774 1.4282247691627714 2.0674404887264255 0.0713354771771512 
1.5917940224713292 1.497658229070333 1.888889747976892 2.8095485655426486 1.6982967540546408 1.9507237407816622 0.059822494312368225 
2.8573283534221363 1.6785902054558135 1.406160351613012 2.3951036074307432 1.7049740245195417 2.485805400981013 0.18643719756339738 
1.4632587733631208 1.1717902507094275 1.9661314722449805 2.822589076296116 1.7646426783948157 2.95571888066382 0.06402202853460637 
2.7194303424587734 2.5633950519944015 2.310386744660393 2.3567991647470166 2.633329038314307 1.8804550799852562 0.022717003733748912 
2.5650798860503463 1.689939274103059 2.0989347148310866 2.9136064072827503 1.0326761938056712 2.6088866205562007 0.031136469363477262 
1.518913965848901 1.0879591000855589 1.6158188292311009 2.4589178809608163 2.0000585175110883 1.1610434226495094 0.05713254368783762 
2.410154752742704 2.0731259391361743 1.2702892942050026 1.8025879407579408 1.503032663222318 2.954539050193078 0.43050938965947094 
1.7038524991952733 2.198683115686256 2.751472072124145 2.3659587356387624 2.4669702539054152 2.8080109159356685 0.01875018413048075 
1.5253974427634573 1.763523032153195 1.5141654608763906 1.5135725522474877 1.095004267549331 2.6796649500090677 0.17359294710892403 
1.5883577435336056 1.519369203291725 2.4906477472087207 1.3008900363268934 1.717237394506942 2.421728881657571 0.012431009459628646 
2.061521416557472 1.9339549273225538 1.567013891290754 1.3862363915954978 1.4657812058201027 1.4216221673738068 0.06798230680132722 
1.3938769234293764 2.933707343857143 2.71498396511217 2.810293593181996 2.2768879157515105 1.3157938955567554 0.016210328849401136 
1.069964491500156 2.026500639416447 1.9345684774396013 1.9714829398326073 1.739453531553128 1.3134123851191843 0.05762157735750804 
1.9751477599484362 1.001433992464238 2.4367070620304228 1.5949046278825756 1.35463949769405 1.5593534497097432 0.004597673204612434 
1.7442110074906496 1.3553326199932265 1.6964100970977343 1.680930763782593 1.1393444565718405 2.696766262830601 0.07230817137329015 
1.5877908202597142 1.9569496176996635 2.593768785477698 2.9593048367654804 2.822910509052724 2.670559166983203 0.02737434344289187 
1.5396949962039002 2.7511360786735644 2.064177674888329 2.2011450873813234 1.2885443325579995 2.6162141833005466 0.07595619819605133 
2.894700096599932 1.0052173077767965 1.764108865565134 2.7274597843808355 1.2038469483150636 2.1120952869269467 0.03055366675338166 
1.5194428209906394 2.091515193887232 2.6417681853890214 2.7330864101194923 2.8120031122667646 2.483629651078486 0.024873614678628315 
2.056377082240264 2.1530670278435293 1.6821291302852035 1.4356422808489984 1.5352628779446682 2.8453347745143267 0.11099942056722438 
2.7603419365131896 2.3070017604163917 1.6768012387151239 2.793329373504311 1.470153638390404 2.8721687774779205 0.136463405751637 
1.488885187830471 1.9530065171032156 1.3626110594020207 1.9084300379979309 2.9268058528979624 2.4408208176102786 0.5685357527723448 
2.2682646166248253 2.500377525879742 1.4390278163778774 1.8479371351906184 1.993371728815327 1.8959044256551585 0.21977031387170629 
1.4115583171315782 2.125378568884603 2.5895723277414118 1.8247155848113255 2.507421176242006 2.1796684308166556 0.0208647499848327 
2.7145938447118536 2.1859503353422824 2.810635427559488 1.1878428063955406 2.734541821931544 2.5476179452831116 0.00832486899418199 
1.8046583610172886 2.359417494971222 1.6740366742363268 2.8168000914547324 2.172938293253801 2.171945455191914 0.18343993995400557 
2.885708255882201 1.76342747174824 1.9668799173017697 1.47067359997858 2.962269494264757 1.2195218061264563 0.019988688963598962 
1.4517993842302677 2.461199480533395 1.2687623374828927 2.1606035144239986 2.750769076347563 2.627397260378523 1.1312975222892128 
1.0488689760851106 2.004658860181629 1.2157236602995325 2.9778801024492747 1.335735570865979 1.758066910557154 0.9858399997476414 
2.718427051633876 1.802274913444116 2.5194260744891643 1.2920769468447912 2.6084493208114488 1.0194089728657674 0.004626853666533315 
2.693408567390735 1.1957390981745175 2.4892907844190773 2.136570795609269 2.116378458001918 1.5675243918330204 0.005227112318211561 
1.474487140763383 2.2039739489274552 1.077643273393945 2.2746293057193525 1.1007625287157325 2.9914817382797496 1.856049363823022 
2.9141592036680595 2.4184773723092117 1.9071588117544267 2.7662119140437285 1.283781088658484 2.7877393440685605 0.06675749143348385 
2.7365229020468895 2.123632932830634 1.0692120140133565 1.0807434826065532 1.350391754732946 1.1044455039359755 0.2532596910041411 
2.2201976689678737 1.6466166764706307 2.632167889863946 1.5437079954307777 1.9700899332204689 2.556231292399233 0.008965620539612989 
2.937011242469711 2.0960188437090217 1.052302782395007 2.534356814992954 1.1596763897239066 2.8104379746383445 1.0342386870655176 
2.4993493156991984 2.145996247117151 2.2575164456662926 1.7042845131781965 2.5378677678576764 1.253101537365739 0.013391925435517647 
2.094863863967362 2.0676722378386696 2.7833907378055107 2.82654821861082 2.8117361921828974 1.6680868764735652 0.009380339109722406 
1.9029777546620636 2.9491304744576725 2.9158473419342537 1.6261749230374798 2.6974318256460093 2.2525742096428365 0.012453615808805515 
1.4526491493694604 2.5778585081461567 2.6188488114626525 2.325481846676623 1.8224212950310883 1.7537845903204206 0.01782043143843967 
1.4951539338949564 1.8266810593100247 1.712108261038514 1.3545567249944563 2.6442899921121157 2.6772476562493877 0.15769920526301556 
2.140388169930307 1.199930673268745 1.9164287080894056 1.778804933300726 1.3246548313727275 2.6416136020746808 0.030332839910179477 
2.4975932873892903 1.0668606902313695 2.386802392599991 1.71124759527821 2.9386561114006886 1.0339723150975522 0.004628915930045791 
2.0991130754263185 1.9855972246655165 1.9350216591130884 2.5444596203468 2.3512699097707976 2.0567424997644848 0.05931407641913642 
2.950956932713857 1.0438656829561432 2.745022079550915 2.671686485318545 2.9361334165861153 2.190428568310529 0.004711448331662039 
2.9245238413248873 1.2960281009689147 1.70394147194674 1.2555003289072264 1.9096654484908016 2.835980808992957 0.047738071159545 
2.416348117458151 1.3355158911014275 1.7875645021321547 1.7050455154282695 2.7079929760178607 1.7734540443710283 0.041027104729100705 
1.093916880232072 2.3446071978623286 1.6669269056941245 1.8659803931673085 2.265943080953928 1.314069999744997 0.1533540755695241 
2.0465584411981386 2.9306605979728806 1.6052359156338067 1.545297675355658 2.966033770423256 2.662710535128147 0.285631580958365 
1.8527754761432953 1.3207035956618653 2.4265170716955495 2.7375154924669323 1.3766050199711297 2.28803274202378 0.014182404135923535 
2.8820707049505616 2.276254313897173 2.2605565355342874 1.997585411026294 2.935869054992991 2.8728150055168813 0.032584441116755035 
1.3464819205936378 1.3848032017310294 1.508229034991388 2.2810394049848064 2.9343220948349718 1.3628780971636294 0.1593564102091825 
2.0170898295562667 1.992644294713392 1.9827825228150506 1.6765551263207328 2.9437785222795463 1.739233802501138 0.04534259978281222 
1.0844393194112047 1.6355227994074828 1.6512540474340174 1.1912601887526073 2.7944849454749763 2.520196270609068 0.2245366455797187 
2.0021822566232417 2.7374582512177303 1.609583836439884 2.53156697310442 2.2638455134956357 1.808279002351839 0.18554080979777327 
1.2747555901251013 2.205140845139465 2.6369086856009627 1.8659401023917717 2.258408368471149 1.4515410708670793 0.013774393718704783 
1.8276863792392497 2.4873896175484673 2.990266442489692 2.5615014849723474 2.3101905240309666 1.2371358241293342 0.005799137314007349 
1.4800837988241995 2.0413694202396573 2.231471587066493 1.091395013974453 1.9340481746308504 1.2511242046496938 0.01653438297796094 
1.9018973031601765 2.1012458163278573 2.7569462315146946 2.58013209970572 2.137781120713007 1.3123572823826763 0.007281943856730747 
1.162462845090744 2.345654985867142 1.959059366058211 1.6145397054225823 2.4213272810303277 1.6360055007810634 0.0794829089197925 
1.982282799379342 1.8096417568769867 1.9167460035099015 1.899180516144897 1.0784089753431076 2.0933417204286644 0.03851307195780429 
1.3895364616300996 1.520624193114583 2.4079322339803526 1.0096587945760715 1.2335581181061765 2.587973894214022 0.01331406886664995 
1.5054746937075012 2.219214487677335 1.495453286531514 2.4724448962355763 2.6233110646266677 1.4306794869010209 0.24266055053796035 
2.0643665469797643 1.5869351238060265 1.5807001701506502 1.2717953048773147 2.2226899357013554 1.3604985349886487 0.0647908788609118 
2.356039679169326 1.1082564572048719 2.5459148376775342 1.9405891017612766 2.1129192313535174 1.875342017738819 0.005648568237762599 
1.0231032160978852 1.9798930205428336 2.447314644114961 1.9816676548457477 1.8965705442304648 2.0146703792592984 0.029081220323067074 
1.5867482483869957 2.295276272534805 1.0841990580801248 2.491687554881378 1.2388624241651696 2.613315948589962 1.6762847674045622 
1.792404139813042 1.276469525562342 1.1804372846415665 1.2225995994264016 1.7610297329611855 1.7538898714341318 0.2789089712099972 
1.0548058321954825 2.5552207005838485 2.7446545597115195 1.2493125567044912 1.1865504874932207 2.153987755829447 0.013780152852175312 
2.8629069492442594 2.280168944312055 1.0271505697864272 1.83248537285956 1.3003844132809648 1.551782819269455 0.5798749515399089 
2.359920627229111 2.7155519941117356 2.940862388806104 1.4009134478085903 2.1106047553876492 1.7553307136780723 0.005553038828687005 
1.7501670186117801 2.484898600643502 1.5544797461450486 1.7401987154482161 2.582195162969308 1.9544664559387668 0.2272690396588684 
1.0308485523943718 1.3160465341574343 1.0315356149289605 1.8495265257646942 1.2552488092044485 1.0062701531351594 0.586961664278213 
1.406871235914685 2.098093998555669 2.609033298497508 2.5825197832132245 1.7401725244971338 2.0362203681851447 0.018674155930740552 
2.6119438120550384 1.3276979579794006 2.7698815487929815 2.0748470916739103 1.871123555481796 2.97956372251127 0.006195985923378202 
1.6637280283643145 1.898033626982093 1.4387597399041077 1.9630458578717573 2.306408318231978 2.7016918067132973 0.361480352941549 
2.8293442828657476 2.5269988944135577 1.6143173759740073 2.570326581551776 2.4804320805043414 1.4176504047381833 0.09848397760704691 
2.328344236763834 1.0813920765765908 2.8037774245603035 2.7983762907734544 2.6713009134384826 2.9086573662576907 0.007200889579015755 
1.0972491890871132 2.2216007593154004 2.1175175727675892 1.8348281596599738 2.663213350863969 1.3365931716185915 0.04907807998357582 
2.3604810426350973 2.5606313121039834 2.899590845270935 1.2618914014837939 2.5842329182117156 2.550108488999846 0.009266212829740869 
2.861296622271607 2.0792785542479395 1.439247300090985 1.7322146060381252 1.7140845235605593 1.79699543734048 0.12301980155688343 
2.9603270508972175 1.6734392065453385 1.5470178006468003 1.858136971046201 2.6493481492749558 1.2336081585883287 0.06079828056548255 
2.1175269130405914 2.1405284874929964 1.9678213228730832 1.1534580110370893 1.2125909445403422 1.5517301630318754 0.021239078717091495