1.8942191183015626 2.2506364468668094 2.934553705721624 1.763196069010972 4.803744421624328 
1.2576936458773877 1.7098796476061005 2.9606761476737384 2.519331529420405 0.8038498669541968 
1.9819371966445054 2.1227804583653764 1.2128278547997255 1.9659219388597082 1.1004585192243959 
1.0862133168053385 2.5599675540163167 1.8646204450129937 1.0675135422148028 0.07050135210264274 
1.257938285629083 1.033605772391553 2.921122022423458 2.485452534381058 1.831469150710078 
2.529518374988157 1.449300050295023 2.0795244522344487 2.288324060283336 3.185512657615105 
1.214307877184444 2.494812769022555 2.1641563918102684 2.58754074651652 2.0330919265603464 
2.4213143839435265 1.094565815160698 2.1184936520739983 2.819272991704631 1.5113762806276212 
1.3408458672025125 1.3353042718937358 1.0928946854963666 1.8428047642070968 0.1796915963667265 
1.3022999122155867 2.9098314865109938 2.5541896673588957 1.4946418810645654 0.859205205418096 
1.326367238389055 2.321294875846383 1.2749812390219935 2.907532409210032 2.425674921804078 
1.5270588355956605 1.5923758584149292 2.125351220638204 2.249295042957006 1.7540404126155014 
2.6549589494046204 2.9055891641573917 2.8719598396501578 1.0045060313018799 -0.6588942396699006 
2.604200683034856 2.731241473591657 2.6255114430415616 2.8135363089736716 4.562735961588859 
1.7511695189805212 1.9634520080639235 1.892559697619336 1.0821557367391204 -0.13449981087975935 
2.6896852666777065 2.2260288776899775 1.5217671307196818 1.7352213688928204 1.7818476768087417 
1.311658963022489 2.801461942588861 1.6841656554637148 2.540792446887228 0.007634644521870253 
1.3221403988461398 2.647304094684611 2.0918605607083167 2.5230828395742737 2.772776211682562 
2.081418822467268 2.2639477956458833 1.0887171263157673 2.623017913167745 1.6954414062247207 
2.3029568162098006 2.587725406191762 2.784219833485383 2.262686906076568 3.2966182312240644 
1.3193336408251575 1.4634598302114514 2.0559968530616692 1.21536748732642 0.26766422200068773 
1.484855242003784 2.3015635403927917 2.248798274062496 1.8058249724288908 1.1993372600492835 
1.0302002691792569 1.4582889418550906 1.8732463675391173 1.1621372972850041 0.062254118261607566 
1.954441102281101 2.74598173992547 1.600434659228014 1.5982686289808241 -0.30571136590822556 
1.1754525085578975 2.4531449499584306 2.2537383632874963 2.8321785709121716 2.624048502798866 
2.69606149441893 2.9832092370744965 2.8500189088841426 1.5943123512910942 -0.060884822058067625 
2.0895587608136688 2.0704638527152355 1.4040009491207668 2.8281704809673727 3.55785226537896 
2.382676964682614 2.5168809516819044 2.655952451809082 2.5920909489850468 7.42590370197835 
1.5048894112668822 2.662310473907169 1.7640884167394857 2.762553702660192 -0.022790571931870757 
2.72572369834094 1.522789051314495 2.679268308848455 2.455655908649251 0.7275349029598597 
1.0617874964999134 1.498621960894946 1.396056215365418 1.8238632351859898 -0.04844165014122701 
1.3710217401090288 2.9923011769755794 2.20074180478652 2.604862513887606 4.564124685243123 
1.5870627638247203 1.1640282276746219 1.472572658736553 1.2500179535670095 -0.18620834880846024 
2.9498832883544615 1.4982743281899025 1.4022565474188462 2.9563466813962975 0.73833165564891 
1.601523822253499 2.447607874844146 2.88766890217971 1.3308729281126492 2.2004527262701923 
1.3013977662902032 2.1141641037415386 2.550607422049195 1.6797272594764623 1.6826523943433371 
2.8319023157958467 2.360517884961773 2.794629326733637 2.4442511469640658 8.957024699917886 
1.905545004852828 1.5826952186380843 2.9050506074087297 2.0240862387605025 -0.16744363353224295 
2.3752717661698814 1.490381955530555 1.48704294875171 2.0182666027669702 0.3059683631306349 
1.0229780486920699 2.1328169647368815 2.452850736535444 1.8571605745279276 0.9750559005907857 
1.4259888812897579 1.1228008016502726 1.2203965856455854 1.7870271063180734 0.38515662279373286 
1.1762385284971266 2.5024001560912916 2.135649384181785 1.68690807077767 1.3869595442084697 
1.9216013068636182 2.8158661550045876 1.5030954018733167 2.7582118837537135 0.242522162573476 
1.0839279594337818 2.924385558007307 2.513568718407703 2.902607354983853 1.2548440137462333 
1.217425645110198 2.697977633006697 2.937124858435771 1.2117572057986783 -0.07825151519635923 
1.7154292557319766 2.1286510057396666 2.3655965680990807 2.1379917712747174 0.9145496256597322 
1.952308092952003 1.318491416821665 2.0725378821527833 1.9687601992053352 1.4445052779082637 
2.2943095605082546 2.6774216900135883 1.9262126149731573 2.4192375813512026 2.0154004134514243 
1.671028822138108 1.2395349072315636 2.051221981497278 2.384481752930883 1.3377058429354816 
1.3052662898028926 2.881770379252039 1.57791508853898 1.1762152274273232 -0.17313109479687266 
2.4850511371890946 2.959719207909454 1.6769986121542861 1.400108962946039 0.8320848687710046 
2.5887527046988454 1.0501846118615465 2.1802818956866252 2.4252165051515466 1.0180454233952516 
1.8981133336524325 1.3962512852556208 2.540297786898697 1.25419206247681 0.2661540153163902 
2.741993550138106 2.5725412314286986 2.350768490621438 1.3427885485921491 6.1472265888431625 
2.9312150975082503 2.865899611940576 1.540183611078549 2.9486632945635796 -0.11476176759126737 
2.160057684736411 2.187771197336545 2.2960414729857206 1.5278676397433337 0.96934947468148 
1.4336523338546567 2.3463548640682728 1.2123858503756544 1.9325119557500952 1.1624864983934349 
2.6051084574460655 2.9455883197361468 1.8843504141558647 2.0321829211404037 4.862308842100831 
1.2509602405053826 1.10030475679971 1.1210301640937805 2.664491940447257 0.7791179045742334 
2.613884595603338 2.3412918497089583 1.8760142510963236 2.4189489589537065 -0.1964616278374513 
2.5974321755095184 1.8647661782605383 1.3877003594231265 1.3729499029991037 0.37046473890871906 
1.7563254968400908 1.3286775587775557 2.9888888099246684 2.0577356139527154 0.4614900778807779 
1.8724740814535246 1.1958731402274165 1.1079189724464589 1.795645628462507 0.6549413499707457 
1.773369663714155 2.9429282038955367 2.7127887645312305 2.364606014330014 -0.15912091956717717 
1.4510955774942207 2.6161977247416885 1.4205346022885834 1.481537571304699 0.29649867936816404 
1.0648198487611804 1.0158506302121943 2.189959770716979 2.6933253595868805 0.4133988165086846 
1.666937813700978 2.480623895842296 1.5764231567680778 1.9144082608680135 0.4502097508321154 
1.8549472393600759 2.18194013623929 2.177857231498768 2.2224752883410384 0.0798221786066705 
1.4521211576685977 2.397169662318222 1.5547772709416012 1.4889125613290863 0.29159811030581007 
2.4479950451067074 1.497212864990953 2.3391461047154234 2.621225673314339 3.3273305573351357 
1.9511068013616484 2.1861729795132074 1.7968800599324153 1.6560125660607024 0.23348250648507374 
1.6338703602291718 1.1704684296680745 1.8936990455190288 1.407403426001751 -0.15049461385073026 
2.701911514178369 2.725751928448906 2.368353979695656 1.7581568091747914 7.272528213742885 
2.7226434108615623 2.410344806298314 2.291056021866013 1.7658170111066434 4.493022417643301 
1.360903828086906 2.39498799893633 2.747703484037083 1.179586269584155 2.7684480304814403 
2.09932728089018 2.2653286605006255 1.5940918881357986 2.5729059391536975 2.4233609917512724 
2.6185363820989878 2.6454518624967696 1.3321499088074717 1.2577936194164872 0.4053877575364434 
2.215622221739897 1.5791065868759373 2.596162743138177 2.314527093901309 0.42200466314671764 
1.5050189076498042 2.7946453614136653 2.720264283045531 1.431224865038751 0.5087008115338215 
1.8792278563980205 2.4571713357068683 1.602859093488396 1.943826129085055 0.4709758329857674 
1.5110385679342084 1.0132021972147143 1.736000535372251 2.0790887799172086 -0.17271141586707728 
1.198415750695049 1.926200075120711 2.7881167743445645 1.6570595967586785 1.4757671419633658 
1.964264677832044 2.0281213316585207 2.2686296372280808 2.9891349064774246 -0.1457591963220387 
1.9032709984230785 2.3660260003424414 1.1767918988566277 1.7704280367891205 1.1744001009124976 
2.7474300536648926 2.610048831852012 2.884894645555375 2.111388935603502 1.4642394181029292 
2.351289672413499 1.650904782434952 1.3881036111156084 1.8257984912460814 0.31820079668227635 
2.562858676467968 2.4748193700038255 2.7488290639218977 2.6138140175037092 7.271384552349114 
2.4997622040585568 1.4548959022926393 2.1698470626005624 1.7073982540913244 1.7676201322772416 
2.6764313521965084 1.1700590820255774 2.7000611659661473 2.2938570426598077 3.4614260391442233 
2.783080886829743 2.645099951788449 2.4158340271833643 2.993294414257927 11.002861237306822 
2.89910185447318 1.4226532499245312 2.7135041274386773 2.6447606676752007 2.161087566653343 
2.879852807347214 2.409082057015585 1.6202035038110196 2.563576971862767 1.7826903996800838 
2.9111783926387815 1.80376303416365 1.8483222133349622 2.1775993181702193 3.25023464168149 
2.7342036964514067 2.087319112601981 2.635999429781097 1.5007552574080958 4.011510616960775 
2.062632589184502 1.672910689367354 1.3637090592890846 1.0427081172141748 -0.4303593455626639 
2.007133604001453 1.9233116638961618 1.099439357087022 2.729492056240251 0.42797616108907005 
1.4505027393729317 2.1196648891491177 2.283637176647737 1.8337583241770223 0.22883037495865943 
1.3227851224383622 2.30739760011462 1.0021010089732092 1.353359680250161 -0.07682707672789979 
1.8552339745119444 2.1913350496320656 1.3573729974899664 1.7065550370169706 1.249057215217546 
1.9582253416746194 2.1701775819194067 2.149371005352376 1.2352510571370483 -0.08816949448847723