2.538494602064988 3.0388510570665277 2.9553839838348104 0.7318139077116269 
4.32171498113177 2.6987821938438024 2.066586599097662 1.0028707682780627 
4.399012911253667 1.411948814644115 3.2266876496759713 0.397994724277839 
2.8050739633715627 1.4346769388703664 2.7083802869762277 0.4455742503745293 
1.6825965488715857 3.390604300379706 4.6340157935517 0.5099329286770753 
1.5727973174583294 1.7094883790396969 1.5149775947176036 0.657018657218037 
1.3019310789764709 4.238701319341123 4.874912851864801 0.521325965524411 
2.6754393007368136 2.040566140116022 3.9894828957016006 0.4293952499258611 
2.989643729820184 4.131409742848891 1.628525994258292 1.3723639370549163 
2.2076291206630954 3.1287675818526655 1.1353470407464905 1.2257182151696486 
3.9199558975291953 3.901837579311909 3.827394905675257 0.8090444468025548 
2.3198360250864996 4.143991536427597 3.3076256810660154 0.8135115810295287 
4.238003190212844 3.5945059780344297 3.6967325931590342 0.7908890434405699 
3.1627429094639474 2.795135562272529 4.907339935198104 0.4826597766072936 
4.618711663039629 1.7177442992071525 4.178546473156484 0.37748836211900616 
2.9695395972813703 1.0155727327146233 4.491189183954293 0.2101249068030115 
2.6252268227094104 2.07610070425037 2.29033873457861 0.6738036078386064 
1.0713019263942858 1.5854344938523512 2.1047215516015507 0.44228613035331815 
2.4673248574956026 4.565880687180876 3.785357266596768 0.8101427940994534 
1.2723653907544898 2.916677180834769 3.98141306228573 0.4649024796659745 
4.022624313032049 1.457559161992838 1.7727592380742578 0.6826656516953747 
1.09483012093043 3.335031431804404 2.4583693526590964 0.605870032605152 
1.6778244566639198 2.0640725716462223 2.1135515501798974 0.6172910233886081 
2.7068017194096585 2.274775608572305 1.4017214054858327 1.0145674128055961 
2.7240601455430977 3.7877351376677506 3.357844197987256 0.7977003399619903 
4.2778798617484295 4.90270314452134 2.6242999887908427 1.3003279074978704 
3.3128343210823683 1.2325839309467597 2.3149601257643817 0.4587172327425143 
4.610559398130533 1.4345714248116392 1.2720829081704488 0.9061030941467066 
2.686164323601764 3.5896047143622574 4.212114334786174 0.6469568471684907 
4.5174428222067915 3.720588793101489 4.835234301826624 0.6574826658531973 
2.239169697980402 3.8447305218585344 4.984458313424598 0.5737125907578196 
2.515099260241025 1.9130815803103314 4.701017794966209 0.35027497922683415 
1.7598464859249083 3.0366617965781453 2.820180680056163 0.6680284623769102 
4.634802984799936 1.932474011412435 4.434035011303363 0.3983674689925644 
4.477315082077255 3.4544245171061396 1.690663507241133 1.4029813122907342 
2.4742537956727744 3.350766386763175 3.6897926634890217 0.6643013180160291 
4.45657833788046 2.0122817591469766 3.0189351716547037 0.5798304483148184 
4.40502325632484 1.1357172468198509 4.435329960072828 0.24199449817055313 
1.6790930138639508 4.28578263443875 3.892394850651324 0.6649950453066118 
4.976643699881686 3.0640097893595346 4.053611929270303 0.6562046625509103 
1.449415152698692 1.1925225984197918 1.8955473264307336 0.43870023298307365 
4.179084978788643 3.563884697909178 2.5484820162674535 1.047809164954426 
4.743133003927825 2.1577029401022347 2.16072666197831 0.8249242804603902 
1.1720736544142523 4.358467974935766 2.2387429750905485 0.731613269005795 
4.815968732045915 3.5848483063382983 2.13071151553131 1.2468696971953754 
2.765199357910728 1.9181149023986643 1.7356744634855952 0.7895631555189929 
4.913945897232762 4.232596866811749 2.0901917663822522 1.4340321373374956 
2.49932376259862 4.799497159703488 4.879859582222368 0.7057899429419343 
3.9897828639785438 1.6197799543976785 2.096027185117183 0.6473916945477255 
4.341294127828766 4.931003894172903 3.4454233738345237 1.0763421298313949 
2.60618354353717 4.149104071387651 1.3669858243274504 1.4021938955003213 
4.1941501539738475 1.9866105953377682 1.2819592101092732 1.1315711509586366 
3.643691392875233 4.007937278273545 1.7204748466655921 1.4210321186782102 
1.575663018465968 3.6205870619125933 4.625802242232744 0.522932636901801 
1.3060523211079604 4.825442671470407 1.1434605426317757 0.9973758936484814 
1.7867003368922654 2.0226336937347362 3.7345357001350132 0.41561659789383193 
2.0989665010769456 2.2684040329687956 3.554631560897834 0.48936998954892846 
1.8579684125288303 2.6971472974992787 4.29318121955049 0.46948992193450023 
1.8471304104375337 3.4687660242771243 1.151825193928416 1.1449029587378168 
3.4930139628553967 1.2659160740748283 2.480109184937361 0.44534947666671354 
1.3200772740426299 2.477607210716434 1.1292714014518017 0.8241831520555608 
1.780751265574616 2.0016734447755775 1.8770627588319613 0.6669745925667451 
2.2313977468726143 3.416165554601784 2.754142391880088 0.7972203815212527 
2.7713104449032073 2.2223696821358088 1.301003493283892 1.056799989550288 
3.3157944895103233 3.7035789767454794 4.2512300770029405 0.6899132369908646 
2.500308456163468 1.9808904956973077 2.586892207581019 0.5862095827930603 
4.8706977349874 3.4155543356397695 2.2462803081286427 1.1587869571821507 
4.028552642128416 1.2830779573718614 1.117984288046896 0.8932095733158304 
3.611713646961207 1.8902000423456213 2.2580984854573427 0.6795733324253247 
1.6033521498526828 1.0182810891416296 3.102826522670715 0.2724190587041659 
4.154351464084383 3.8729387796969705 1.9326959272032358 1.3518315376001029 
3.8015814045154355 4.008946985210006 2.7165254111513844 1.06307870728316 
4.638232492954283 4.706861466132272 4.311651573521401 0.88367736283817 
3.8828715461207564 2.756945445796963 2.510398149151453 0.8560810821350044 
3.432165882089089 1.5565664747235046 1.0754594666542356 1.0180407019022781 
1.052635029647214 1.3708729352383076 2.365595889958248 0.373746590827623 
2.257210929173016 2.7165913092607816 3.752097121378387 0.5481846132274398 
1.7244934959976193 2.0993231641566665 2.9416179082476672 0.5047694497081477 
4.95865709412807 1.5942546633871197 1.521703336615781 0.8649325535013448 
1.9789396579999172 4.174271100109127 3.8334470324464713 0.702408806320148 
2.8877447206071363 1.286052875357564 1.4862233480862646 0.6658063765931842 
3.396538520781304 4.015851275884125 3.9567601980471907 0.7814313595865923 
3.318499890367726 3.371425757071435 2.494666089136318 0.9603519407466653 
2.417152058905304 3.470329487999533 4.585761699775935 0.5763257947342122 
2.694547014399835 1.3068260217429972 3.9941823360414928 0.2917561943371862 
2.462749359986067 3.161129461000692 4.19188801205821 0.5773261656457471 
4.751708955946665 4.944207511397695 1.220750614549666 2.186481442603 
3.8215553966530282 3.4503666715318246 3.412300577212931 0.7995899187227918 
2.7042637002334637 1.9148161320441486 4.692244111566993 0.35457475732037314 
3.264221653561689 2.797197513456032 4.915897174617687 0.48454582173408056 
4.321599285619326 1.9861287053762848 2.159094680702688 0.7584475068440671 
2.384296130746921 4.510742671483964 4.519233329240322 0.7035845407028274 
3.8738206673102704 1.0794192155141933 3.5139610746006746 0.2846115066380622 
4.741910961041723 1.1410328197310422 4.12129031857584 0.26158972777969847 
2.101750745491886 3.747951977539284 3.900321873948234 0.6594357393966751 
3.7366065760313663 2.871260752669196 4.021281817713179 0.5994662021184645 
1.4491297924041944 2.525468371211162 4.278286876235889 0.4194408983527272 
1.2420563165793501 2.9036007916101254 1.9847900770712865 0.6717368929140312 
2.329449261047571 3.132467023213575 4.700934487699996 0.5181349351731881 
4.0319056213892175 4.920543267577795 3.7964499628177686 0.9808030796809944 